"24" "26" "28" "30" "32" "34" "36" "38" "40" "42" "44" "46" "48" "50" "52" "54" "56" "58" "60" "62" "64" "66" "68" "70"
"1" 3.33072396480052 8.88193057280138 13.3228958592021 15.5433785024024 32.196998326405 34.4174809696054 27.7560330400043 7.77168925120121 33.3072396480052 45.5198941856071 43.2994115424067 27.7560330400043 26.6457917184041 16.6536198240026 9.99217189440156 6.66144792960104 1.11024132160017 3.33072396480052 1.11024132160017 0 0 0 1.11024132160017 0
"2" 0.284428892162191 0.341314670594629 1.13771556864876 1.08082979021632 1.47903023924339 1.64968757454071 4.03889026870311 8.58975254329816 15.7573606257854 17.3501624218936 18.2603348768126 18.6016495474073 19.3980504454614 19.739365116056 18.43099221211 17.7483628709207 15.3022743983259 12.5717570335688 10.7514121237308 7.56580853151427 6.42809296286551 5.46103472951406 3.98200449027067 9.49992499821717
"3" 0.0402760755164524 0 0 0.0201380377582262 0.100690188791131 0.443036830680977 2.57766883305296 5.90044506316028 9.86763850153085 14.0764883930001 16.5333289995037 18.0436818313707 17.8624394915467 16.472914886229 14.41883503489 12.3848932213091 9.02184091568535 6.06154936522609 3.90677932509589 2.47697864426182 1.6110430206581 0.765245434812596 0.765245434812596 1.53049086962519
"4" 1.17205126268125 0.998414038580322 0.846481467492013 0.173637224100926 0 0 0.217046530126157 2.04023738318588 7.40128667730195 12.762335971418 13.9343872340993 13.782454663011 14.064615152175 14.2599570292885 13.8258639690362 12.371652217191 7.92219834960473 4.31922594951053 2.51773974946342 1.71466758799664 1.06352799761817 0.824776814479397 0.520911672302777 1.60614432293356
"5" 0.0992874795391084 0.297862438617325 1.48931219308663 5.11330519626408 6.99976730750714 4.81544275764676 2.43254324870816 1.78717463170395 2.43254324870816 6.15582373142472 12.4605786821581 17.0278027409571 19.1624835510479 21.1978768815996 17.9710337965786 13.4534534775492 8.83658567898065 5.85796129280739 2.87933690663414 1.53895593285618 1.04251853516064 0.843943576082421 0.59572487723465 0.744656096543313
"6" 0.239155097634512 0.102495041843362 0.256237604608406 0.478310195269024 1.21285799514645 4.42436930623847 11.2744546027698 14.4518008999141 11.2573720957959 7.8579532079911 7.20881794298314 7.14048791508757 6.90133281745306 6.85008529653137 6.79883777560969 6.49135265007961 5.39807220375041 3.34817136688316 2.18656089265839 1.02495041843362 0.837042841720791 0.427062674347342 0.273320111582299 0.32456763250398
"7" 7.71555138572108 5.28418015072494 3.63084771092757 2.00993355426348 3.37150144586131 8.81777301225266 17.1168534943728 23.11423587403 20.8125377715669 15.7228673196417 13.1294046689792 13.1618229521124 13.0645681027126 12.8700584039129 12.2216927412473 8.7529364459861 5.44627156639135 3.11215518079506 2.59346265066255 1.45882274099768 0.810457078332046 0.778038795198764 0.389019397599382 0.551110813265792
"8" 0.485804244490165 1.34530406166507 2.3169125506454 4.82067288763318 9.36107409575279 10.7998020505891 14.2378013192887 15.2654641441717 12.1264213336199 9.66003055390059 8.96869374443381 8.68842206492026 7.77286791184264 7.43654189642637 7.23100933144976 5.96044438432164 4.39092297904572 2.67192334469591 1.47609751210473 0.990293267614567 0.803445481272196 0.392380351318979 0.242902122245082 0.280271679513557
"9" 1.96337730643133 1.52003404368877 0.981688653215664 3.42007659829973 8.89853263076135 13.521969513648 15.2320078127979 16.4353680973848 13.5853042654684 10.6719056817316 9.02520213440208 9.27854114168354 9.18353901395299 8.17018298482714 7.1568269557013 6.01680142293472 3.4834113501201 2.02671205825169 1.52003404368877 0.823351773664751 0.443343262742558 0.253339007281462 0.190004255461096 0.443343262742558
"10" 0.557415422785454 1.02192827510667 1.71869755358848 3.53029767764121 3.20513868101636 7.2464004962109 13.8424829991721 31.0294585350569 42.4100234169266 30.5184943975036 16.7689139687957 14.2605445662612 11.2412110261733 6.59608250296121 4.55222595274788 1.7651488388206 0.510964137553333 0.557415422785454 0.139353855696363 0.371610281856969 0.232256426160606 0.0464512852321212 0.278707711392727 0.78967184894606
"11" 0.373065505353086 0.559598258029628 1.25909608056666 2.84462447831728 6.57527953184813 6.20221402649505 5.03638432226666 4.70995200508271 14.782720649616 36.8402186536172 30.4514718744456 16.7879477408889 9.83960270368763 5.73588214480369 3.07779041916296 2.14512665578024 0.839397387044443 0.32643231718395 0.373065505353086 0 0.0466331881691357 0 0.0466331881691357 0
"12" 0.66976807834488 1.33953615668976 2.19196825640143 7.06300882618237 18.6317301794121 30.8702196109867 30.2004515326419 20.8845864429358 21.2499144856694 32.1488677605542 32.2097557676765 28.5564753403408 17.901074093945 13.6998016025089 9.55941711819511 6.33235274071523 3.77505644158023 1.46131217093428 1.2786481495675 0.852432099711666 0.852432099711666 0.791544092589404 0.547992064100357 2.80084832762404
"13" 0.151373827310854 0.983929877520549 1.28667753214226 4.54121481932561 12.7154014941117 25.6578637291897 32.2426252172119 34.2104849722529 33.680676576665 37.3136484321255 44.4282183157356 38.9787605325448 27.3229758296091 13.6236444579768 5.67651852415702 2.27060740966281 1.05961679117598 0.529808395587988 0.605495309243415 0.681182222898842 0.454121481932561 0.227060740966281 0.302747654621707 0.378434568277134
"14" 0.207699010861129 1.24619406516677 1.4538930760279 1.93852410137054 2.6308541375743 4.50014523532446 5.88480530773198 20.2160370571499 39.185880049133 44.5860543315223 44.7937533423835 41.8859671903276 25.9623763576411 12.7388726661492 6.7156013511765 4.22321322084295 3.04625215929656 1.66159208688903 1.1769610615464 0.207699010861129 0.623097032583387 0.346165018101881 0.346165018101881 1.1769610615464
"15" 1.42422013664646 0.547776975633255 2.41021869278632 5.69688054658586 8.98354240038539 6.90198989297902 9.75043016627195 13.5848689957047 41.0832731724942 65.295015495484 67.814789583397 61.4605766660512 43.1648256799005 19.9390819130505 10.4077625370319 5.1491035709526 3.06755106354623 1.75288632202642 1.09555395126651 0.438221580506604 0.219110790253302 0.219110790253302 0.438221580506604 0.547776975633255
"16" 0 0 0.921585770274344 3.68634308109738 10.5324088031354 18.6950256255653 36.6001205908954 45.2893578534821 46.0792885137172 45.947633403678 48.5807356044619 45.5526680735604 38.0483268013265 31.0706059692493 20.2748869460356 10.9273741332529 6.45110039192041 4.47627374133253 4.47627374133253 3.42303286101899 2.89641242086223 1.97482665058788 1.84317154054869 4.08130841121495
"17" 0 0 0 1.42498394830384 6.88742241680188 20.6622672504056 26.5997003683383 39.4245559030728 60.0868231534785 77.6616251825591 98.7988870823994 99.5113790565513 56.9993579321535 21.6122565492749 4.74994649434613 3.7999571954769 1.42498394830384 1.66248127302114 0.712491974151919 1.89997859773845 0.949989298869225 1.66248127302114 0.712491974151919 3.08746522132498
"18" 0.152269035001961 0.152269035001961 1.82722842002353 4.26353298005491 4.56807105005883 6.09076140007844 12.3337918351588 19.338167445249 41.4171775205334 71.2619083809177 92.4273042461903 98.5180656462687 63.4961875958177 30.7583450703961 15.5314415702 9.28841113511962 5.02487815506471 3.34991877004314 2.28403552502941 1.52269035001961 0.761345175009805 0.304538070003922 0.304538070003922 0.913614210011766
"19" 0.441381416049647 0 0 1.32414424814894 3.31036062037235 10.3724632771667 36.193276116071 47.8898836413867 34.4277504518724 52.0830070938583 82.7590155093088 78.3452013488123 48.3312650574363 16.9931845179114 3.97243274444682 3.31036062037235 0.882762832099293 0.220690708024823 0.66207212407447 0 0 0 0.220690708024823 0.220690708024823
"20" 0 0 0 0.195531257286396 0.195531257286396 1.17318754371837 7.23465651959664 37.3464701417016 72.15103393868 94.8326597839018 126.117660949725 130.614879867312 84.6650344050093 33.63137625326 11.1452816653245 5.86593771859187 2.34637508743675 1.75978131557756 0.782125029145582 0.391062514572791 0.586593771859187 0.195531257286396 0.391062514572791 0.782125029145582
"21" 0.338836857965583 0.169418428982792 0 0 0.508255286948375 3.72720543762142 2.0330211477935 1.86360271881071 14.7394033215029 60.8212160048222 88.2670015000344 84.2009592044474 55.2304078483901 28.462296069109 10.3345241679503 4.40487915355258 2.0330211477935 2.0330211477935 0.338836857965583 0.677673715931167 0 0 0 0.169418428982792
"22" 0 0 0 5.14697810166108 20.5879124066443 49.4557461072652 42.0709514396645 41.6233881264766 44.3087680056041 46.7703662281377 93.9882957694633 95.330985709027 58.1832307144296 29.5391786704027 10.965301173104 4.25185147528524 2.2378165659396 1.34268993956376 0.67134496978188 0.67134496978188 0.44756331318792 0.22378165659396 0 1.34268993956376
"23" 0 0 0 0 0.237400723877151 4.74801447754303 16.1432492236463 51.9907585290962 121.786571348979 156.209676311166 117.038556871436 78.8170403272143 42.4947295740101 18.9920579101721 6.88462099243739 2.61140796264867 1.89920579101721 0.474801447754303 0.949602895508606 1.42440434326291 0.237400723877151 0.237400723877151 0.237400723877151 0.474801447754303
"24" 0.44956314363011 0 0.674344715445164 9.21604444441724 27.4233517614367 25.1755360432861 55.2962666665035 83.3939631433853 93.7339154468778 149.030182113381 143.63542438982 74.1779186989681 29.6711674795872 8.31691815715703 2.92216043359571 1.79825257452044 0.674344715445164 0.674344715445164 0.44956314363011 0.224781571815055 0.224781571815055 0 0.224781571815055 0.674344715445164
"25" 0.534761328717907 0 1.33690332179477 10.9626072387171 20.5883111556394 48.9306615776885 72.1927793769175 93.3158518612748 83.9575286087114 81.8184832938398 91.97894853948 76.7382506710197 39.3049576607662 17.112362518973 8.82356192384547 2.67380664358954 2.94118730794849 1.60428398615372 1.33690332179477 0.534761328717907 0 0 0.534761328717907 0.267380664358954
"26" 0 0.126630759254235 2.53261518508471 4.17881505538976 2.65924594433894 2.40598442583047 5.06523037016941 9.62393770332188 22.2870136287454 35.0767203134232 53.81807268305 69.2670253120667 58.7566722939652 33.9370434801351 14.4359065549828 7.72447631450835 3.67229201837282 2.27935366657624 1.39293835179659 1.01304607403388 0.253261518508471 0.126630759254235 0.126630759254235 0.126630759254235
"27" 0 0.184955333792986 0.832299002068436 4.80883867861763 8.23051235378786 9.71015502413175 19.0503993806775 21.6397740537793 26.078702064811 42.0773384379042 54.4693458020343 67.8786075020257 61.7750814868572 33.1070047489444 15.8136810393003 7.02830268413346 2.86680767379128 0.832299002068436 0.64734366827545 0.184955333792986 0.277433000689479 0.0924776668964928 0 0.0924776668964928
"28" 0 0 0 0.226317525697932 0 0.452635051395864 6.63864742047267 31.4581360720126 58.0881649291359 48.2056329736595 26.0265154552622 17.803645354904 21.5001649413035 24.366853600144 20.0668206118833 14.3334432942024 8.52462680128877 3.54564123593427 2.18773608174668 0.829830927559084 0.452635051395864 0.075439175232644 0.226317525697932 0.075439175232644
"29" 0 0 0.122203212124245 0.24440642424849 0.24440642424849 0.73321927274547 13.5645565457912 54.380429395289 90.3081737598171 109.005265214827 69.9002373350681 28.2289420007006 13.6867597579154 7.45439593957895 2.4440642424849 1.34423533336669 0.366609636372735 0.24440642424849 0 0 0.122203212124245 0 0 0
"30" 0 0 0.171962015185049 0.171962015185049 0 0 0.515886045555146 7.91025269851224 47.2895541758884 150.638725302103 205.494608146133 113.322968006947 51.7605665706996 21.8391759285012 7.91025269851224 4.81493642518136 2.92335425814583 0.859810075925243 0.515886045555146 0.171962015185049 0.171962015185049 0.171962015185049 0 0.515886045555146
"31" 0.160233100268594 0 0 0 0.160233100268594 1.12163170188016 1.12163170188016 3.84559440644626 24.1951981405577 118.57249419876 216.314685362602 158.951235466445 64.0932401074376 25.3168298424379 8.65258741450407 4.16606060698344 3.20466200537188 1.76256410295453 0.80116550134297 0 0.160233100268594 0.320466200537188 0.320466200537188 0.640932401074376
"32" 0.146186832012461 0.730934160062303 2.04661564817445 3.3622971362866 3.80085763232398 5.26272595244858 4.0932312963489 15.6419910253333 46.34122574795 79.2332629507537 179.955990207339 175.86275891099 76.6018999745294 22.0742116338816 4.38560496037382 1.75424198414953 1.60805515213707 0.877120992074764 0.730934160062303 0.292373664024921 0.730934160062303 0.438560496037382 0.292373664024921 0.877120992074764
"33" 0.387822220707989 1.03419258855464 2.58548147138659 5.04168886920386 13.9615999454876 20.1667554768154 17.4519999318595 14.0908740190569 16.8056295640129 46.7972146320973 104.711999591157 134.445036512103 81.0548441279697 31.6721480244858 12.151762915517 4.52459257492654 3.36112591280257 1.2927407356933 1.03419258855464 0.775644441415978 0.258548147138659 0.12927407356933 0 0.646370367846648
"34" 2.03886450430529 2.85441030602741 1.93692127909003 4.68938835990218 13.1506760527691 20.5925314934835 24.1605443760177 54.0299093640903 60.0445596517909 40.2675739600296 58.0056951474856 96.4382910536404 92.3605620450298 46.4861106981607 23.9566579255872 9.27683349458909 4.68938835990218 2.24275095473582 1.01943225215265 0.917489026937382 0.611659351291588 0.305829675645794 0.101943225215265 0
"35" 0.631674871475267 0.631674871475267 0.912419258797608 0.280744387322341 1.05279145245878 7.65028455453379 30.8116965086269 53.9731084627201 61.4830208235927 49.9725009433767 35.5843510931067 33.6893264786809 31.3731852832716 18.950246144258 9.40493697529842 3.29874655103751 2.80744387322341 2.3863272922399 0.982605355628194 0.421116580983512 0.561488774644682 0.140372193661171 0.140372193661171 0.140372193661171
"36" 0.362762347583278 2.44864584618713 5.80419756133245 19.2264044219138 39.4504052996815 49.4263698582217 24.3957678749755 34.9158759548905 78.8101200124672 95.6785691750896 46.8870334251387 21.8564314418925 19.6798573563928 13.2408256867897 8.25284340751958 5.44143521374917 3.99038582341606 3.08347995445787 1.99519291170803 2.44864584618713 1.36035880343729 0 0.634834108270737 0.362762347583278
"37" 0.711213647580606 2.56036913129018 4.26728188548363 9.67250560709624 18.3493121075796 79.5136857995117 198.855335863537 237.403115562406 112.9407272358 38.2632942398366 26.7416331490308 25.6036913129018 15.0777293287088 11.0949329022574 6.54316555774157 4.83625280354812 1.70691275419345 0.995699106612848 0.995699106612848 0.284485459032242 0.426728188548363 0 0.142242729516121 0.284485459032242
"38" 0 0 0.220910575970017 6.73777256708551 50.5885218971338 81.6264578209212 50.1467007451938 82.7310107007712 113.768946624559 77.4291568774908 27.2824561322971 14.6905533020061 14.3591874380511 8.61551246283065 5.08094324731038 3.53456921552027 1.21500816783509 0.994097591865075 0.331365863955025 1.43591874380511 0.220910575970017 0.441821151940033 0 0.220910575970017
"39" 0 0 0.175408280195678 0 0.877041400978389 21.0489936234814 122.96120441717 217.681675722836 142.256115238695 70.1633120782711 39.1160464836362 26.662058589743 14.3834789760456 11.4015382127191 5.43765668606601 3.33275732371788 2.45571592273949 1.5786745217611 0.526224840587034 0 0 0.175408280195678 0 0
