## simulation for JM using cr parametrization.
## written: Tue Mar  3 21:47:02 2015 
## Model dimensions 
#syr 
1 
#eyr 
38 
##nage 
12 
#nlen 
77 
#lstp 
1 
#SR function 
1 
#m 
0.23 
#alw 
2.38e-05 
#blw 
2.7671 
#wmat 
1.240343 
#mat50 
2.448848 
#matsd 
0.568183 
#ahat (age at 50% vulnerability for fishery/survey) 
3.643583 
#ghat (sd vulnerability for fishery/survey) 
1.143614 
#vulnerability for fishery/survey (vector) 
 0.0901664 0.191982 0.362909 0.57729 0.766039 0.887004 0.949546 0.978318 0.990841 0.996159 0.998394 0.99933
## nyt 
38 
## iyr 
1 2 3 4 5 6 7 8 9 10 11 12 13 14 15 16 17 18 19 20 21 22 23 24 25 26 27 28 29 30 31 32 33 34 35 36 37 38 
## CPUE (yt)
 2.39141e+06 2.36971e+06 2.3176e+06 2.23704e+06 2.1316e+06 2.00928e+06 1.88096e+06 1.75416e+06 1.63156e+06 1.51564e+06 1.41109e+06 1.31952e+06 1.23329e+06 1.14008e+06 1.03512e+06 929329 834791 751568 675832 610852 572158 561687 566110 572906 578664 589549 610642 641217 674054 702863 731671 763705 802944 850860 908435 979250 1.06279e+06 1.16103e+06
## Simulated catch at length 
1.72297e-19 9.92502e-14 3.50024e-09 7.82934e-06 0.00119617 0.0145843 0.0175101 0.00212877 0.000201349 0.00174292 0.00806808 0.0179685 0.0194327 0.0109669 0.00626237 0.0101057 0.0177665 0.0227769 0.0218694 0.0185048 0.0181541 0.0215291 0.025205 0.0265339 0.0259702 0.0254905 0.0260766 0.0271261 0.0276929 0.0275621 0.027134 0.0267641 0.0264632 0.0260761 0.0255298 0.024877 0.0242005 0.0235465 0.0229335 0.0223852 0.0219402 0.0216374 0.0214974 0.0215104 0.0216288 0.0217656 0.0218007 0.0215971 0.0210269 0.0200014 0.0184946 0.0165542 0.0142951 0.0118778 0.00947684 0.00724908 0.00530959 0.00372035 0.00249189 0.00159457 0.000974383 0.000568365 0.00031638 0.000168024 8.51202e-05 4.11265e-05 1.89488e-05 8.32458e-06 3.48679e-06 1.39231e-06 5.29989e-07 1.92305e-07 6.651e-08 2.19249e-08 6.88858e-09 2.06276e-09 5.88684e-10
 1.47851e-19 8.51684e-14 3.00361e-09 6.71849e-06 0.00102646 0.012515 0.0150257 0.00182813 0.000201146 0.00177005 0.00819369 0.0182482 0.0197349 0.0111354 0.00635132 0.0102408 0.0180021 0.0230766 0.0221501 0.0187269 0.01835 0.021745 0.0254475 0.0267767 0.0261889 0.0256819 0.0262505 0.0272897 0.0278449 0.0276981 0.0272521 0.0268659 0.0265514 0.0261526 0.0255959 0.0249335 0.0242488 0.0235879 0.0229692 0.0224162 0.0219674 0.0216616 0.0215195 0.0215308 0.0216479 0.0217838 0.0218182 0.0216138 0.0210428 0.0200163 0.0185082 0.0165662 0.0143054 0.0118863 0.00948365 0.00725428 0.00531339 0.00372301 0.00249367 0.00159571 0.000975078 0.00056877 0.000316605 0.000168144 8.51808e-05 4.11557e-05 1.89622e-05 8.33051e-06 3.48927e-06 1.3933e-06 5.30366e-07 1.92442e-07 6.65573e-08 2.19405e-08 6.89347e-09 2.06422e-09 5.89103e-10
 1.60156e-19 9.22565e-14 3.25359e-09 7.27764e-06 0.00111188 0.0135566 0.0162762 0.00197832 0.000178164 0.00153307 0.00709693 0.0158087 0.0171225 0.00980592 0.00610296 0.010429 0.018412 0.0236016 0.0226428 0.0191186 0.0186988 0.0221314 0.0258819 0.0272112 0.0265794 0.0260217 0.0265567 0.0275739 0.0281038 0.0279225 0.0274381 0.0270163 0.026671 0.0262454 0.0256644 0.0249801 0.0242764 0.0235996 0.0229679 0.0224042 0.0219466 0.0216335 0.0214852 0.0214914 0.0216043 0.0217368 0.0217687 0.0215631 0.0209922 0.0199674 0.0184624 0.0165249 0.0142695 0.0118563 0.00945964 0.00723587 0.00529988 0.00371353 0.00248731 0.00159164 0.000972589 0.000567317 0.000315796 0.000167714 8.4963e-05 4.10505e-05 1.89137e-05 8.3092e-06 3.48035e-06 1.38974e-06 5.29009e-07 1.91949e-07 6.6387e-08 2.18844e-08 6.87583e-09 2.05894e-09 5.87595e-10
 1.94001e-19 1.11753e-13 3.94118e-09 8.81564e-06 0.00134686 0.0164215 0.0197159 0.00239544 0.000196122 0.00166651 0.00771428 0.0171795 0.0185702 0.0104286 0.00577413 0.00911473 0.0160245 0.0206511 0.0201499 0.0177482 0.0183605 0.0223872 0.0263731 0.0277381 0.0270536 0.0264287 0.0269158 0.0278985 0.0283887 0.0281554 0.027613 0.0271358 0.0267413 0.0262715 0.0256501 0.0249292 0.0241932 0.0234891 0.0228344 0.0222516 0.0217776 0.0214501 0.0212889 0.0212832 0.0213853 0.021509 0.0215348 0.0213271 0.0207595 0.0197439 0.0182544 0.0163378 0.0141074 0.0117213 0.0093517 0.00715319 0.00523926 0.00367102 0.00245882 0.0015734 0.000961439 0.000560811 0.000312174 0.00016579 8.39881e-05 4.05794e-05 1.86967e-05 8.21382e-06 3.4404e-06 1.37379e-06 5.22936e-07 1.89746e-07 6.56248e-08 2.16331e-08 6.79689e-09 2.0353e-09 5.80849e-10
 1.97315e-19 1.13662e-13 4.00848e-09 8.96619e-06 0.00136986 0.0167019 0.0200526 0.00243802 0.000233542 0.00202459 0.00937166 0.0208682 0.0225389 0.0125532 0.00658 0.00993728 0.0173656 0.0222107 0.021184 0.0176246 0.016908 0.01988 0.0234182 0.0250731 0.0252114 0.0255187 0.0267062 0.0280611 0.0286732 0.0284288 0.0278256 0.0272786 0.0268181 0.0262871 0.025608 0.0248331 0.0240483 0.023301 0.0226089 0.0219932 0.02149 0.0211359 0.0209498 0.020921 0.021002 0.0211078 0.0211209 0.0209081 0.020345 0.0193451 0.0178825 0.0160029 0.013817 0.0114792 0.00915808 0.00700482 0.00513044 0.00359469 0.00240766 0.00154064 0.000941408 0.000549122 0.000305665 0.000162332 8.22361e-05 3.97328e-05 1.83065e-05 8.04241e-06 3.36859e-06 1.34511e-06 5.1202e-07 1.85785e-07 6.42548e-08 2.11815e-08 6.65499e-09 1.99281e-09 5.68722e-10
 1.9539e-19 1.12553e-13 3.96937e-09 8.8787e-06 0.0013565 0.016539 0.019857 0.0024145 0.000236697 0.00205742 0.00952393 0.0212109 0.0229402 0.0129505 0.00740849 0.0119634 0.0209964 0.0267724 0.0252741 0.0204431 0.0187543 0.0213393 0.0245936 0.025607 0.0247158 0.0239168 0.0243043 0.025397 0.0262775 0.0266301 0.0266858 0.0266609 0.0265139 0.0261163 0.0254573 0.0246488 0.0238119 0.0230107 0.0222679 0.0216055 0.0210587 0.0206631 0.0204371 0.0203697 0.0204149 0.0204895 0.0204797 0.020256 0.0196976 0.0187203 0.0172988 0.0154764 0.0133596 0.0110976 0.00885263 0.00677061 0.00495857 0.00347409 0.00232679 0.00148884 0.000909736 0.000530637 0.000295371 0.000156863 7.94647e-05 3.83934e-05 1.76893e-05 7.7712e-06 3.25498e-06 1.29974e-06 4.94748e-07 1.79517e-07 6.20871e-08 2.04669e-08 6.43045e-09 1.92557e-09 5.49533e-10
 1.92126e-19 1.10673e-13 3.90306e-09 8.73038e-06 0.00133384 0.0162627 0.0195253 0.00237423 0.000233985 0.00203506 0.00942048 0.0209811 0.0226962 0.0128389 0.00743769 0.0121244 0.0213289 0.0273317 0.0262016 0.0220691 0.0214693 0.0252124 0.0291217 0.0299393 0.0281765 0.0263011 0.0257242 0.0259715 0.0260186 0.0255504 0.0249315 0.0245293 0.0243578 0.0242203 0.0239628 0.0235533 0.0230221 0.0224057 0.0217445 0.0210943 0.020521 0.0200807 0.0198024 0.0196807 0.0196733 0.0197011 0.0196553 0.0194117 0.0188547 0.0179033 0.0165325 0.0147833 0.0127564 0.0105933 0.00844847 0.00646037 0.00473072 0.0033141 0.00221945 0.00142006 0.000867664 0.000506075 0.000281689 0.000149593 7.57799e-05 3.66124e-05 1.68685e-05 7.41051e-06 3.10387e-06 1.23939e-06 4.71773e-07 1.7118e-07 5.92033e-08 1.95162e-08 6.13174e-09 1.83612e-09 5.24003e-10
 2.3591e-19 1.35894e-13 4.79256e-09 1.072e-05 0.00163781 0.0199689 0.0239749 0.0029127 0.000234381 0.00198678 0.00919698 0.0204834 0.0221586 0.012539 0.00727913 0.0118841 0.0209134 0.0268187 0.0257689 0.021843 0.0214723 0.0254645 0.0297384 0.0311289 0.0301435 0.0290991 0.0291431 0.0295568 0.0292367 0.0279896 0.0264044 0.0250407 0.0240174 0.0231847 0.0224219 0.021725 0.0211253 0.0206184 0.0201698 0.0197549 0.0193788 0.0190676 0.0188484 0.0187307 0.0186929 0.0186761 0.0185882 0.0183185 0.0177611 0.0168407 0.0155339 0.0138782 0.0119674 0.00993297 0.0079186 0.00605327 0.00443151 0.00310387 0.00207833 0.0013296 0.000812309 0.00047375 0.000263678 0.00014002 7.09275e-05 3.42668e-05 1.57873e-05 6.93536e-06 2.9048e-06 1.15988e-06 4.41502e-07 1.60194e-07 5.54035e-08 1.82634e-08 5.73812e-09 1.71824e-09 4.90361e-10
 2.43452e-19 1.40239e-13 4.94577e-09 1.10627e-05 0.00169017 0.0206073 0.0247414 0.00300775 0.000281276 0.00243148 0.0112551 0.0250614 0.0270626 0.0150437 0.00778213 0.0116263 0.0203153 0.0260468 0.0250309 0.0212267 0.0208842 0.024794 0.0290048 0.0304628 0.0296863 0.0289493 0.0293777 0.030264 0.0304939 0.0297942 0.0286157 0.027385 0.0261597 0.024827 0.0233784 0.0219456 0.0206733 0.0196283 0.0188076 0.0181858 0.0177437 0.0174666 0.0173341 0.0173128 0.0173525 0.0173839 0.0173203 0.0170655 0.0165307 0.0156549 0.0144222 0.0128706 0.0110879 0.00919588 0.00732637 0.00559773 0.00409635 0.00286819 0.00192002 0.00122806 0.000750143 0.000437431 0.000243436 0.000129259 6.54712e-05 3.16287e-05 1.45711e-05 6.40082e-06 2.68082e-06 1.07042e-06 4.07438e-07 1.47832e-07 5.11271e-08 1.68536e-08 5.29511e-09 1.58557e-09 4.52497e-10
 2.85638e-19 1.6454e-13 5.8028e-09 1.29797e-05 0.00198305 0.0241782 0.0290287 0.00352704 0.000291043 0.00247577 0.0114604 0.0255228 0.0275956 0.0155342 0.00872955 0.0139144 0.0243882 0.0310654 0.029236 0.0234509 0.0212463 0.0240259 0.0277335 0.0290573 0.0283116 0.0276264 0.0280824 0.0290217 0.029398 0.0289605 0.0281358 0.0273087 0.0264897 0.0255086 0.0242893 0.0229054 0.0214792 0.020103 0.0188376 0.0177372 0.0168527 0.0162161 0.0158266 0.0156481 0.0156135 0.0156319 0.0155968 0.0153992 0.0149444 0.0141708 0.0130637 0.0116601 0.0100433 0.00832639 0.00663061 0.00506373 0.00370393 0.00259239 0.00173478 0.00110926 0.000677403 0.000394933 0.000219747 0.000116664 5.90847e-05 2.85406e-05 1.31474e-05 5.77504e-06 2.4186e-06 9.65673e-07 3.67556e-07 1.33358e-07 4.61202e-08 1.52028e-08 4.77639e-09 1.43023e-09 4.08161e-10
 1.71893e-19 9.9016e-14 3.49198e-09 7.81086e-06 0.00119335 0.0145498 0.0174689 0.00212987 0.000325412 0.00294364 0.0136259 0.0303412 0.0327697 0.0182477 0.00955204 0.0144102 0.0251825 0.0322177 0.0307497 0.0256022 0.0244896 0.0284546 0.0326987 0.03344 0.0312212 0.0288621 0.0280258 0.0282309 0.0283092 0.027818 0.0270522 0.026342 0.0256912 0.0249323 0.0239789 0.0228749 0.0217009 0.0205053 0.0193132 0.0181596 0.0170996 0.0161918 0.0154778 0.0149685 0.0146383 0.0144247 0.0142357 0.0139645 0.01351 0.0127992 0.0118033 0.0105448 0.00909223 0.00754522 0.00601325 0.0045949 0.00336227 0.00235378 0.00157526 0.00100727 0.000615091 0.000358575 0.000199497 0.000105902 5.3629e-05 2.59028e-05 1.19313e-05 5.24045e-06 2.19457e-06 8.76179e-07 3.33478e-07 1.20989e-07 4.18413e-08 1.3792e-08 4.33306e-09 1.29746e-09 3.70266e-10
 1.29521e-19 7.46087e-14 2.63121e-09 5.8855e-06 0.000899191 0.0109633 0.0131628 0.00160276 0.000202597 0.00180596 0.00836097 0.0186341 0.0202631 0.0120534 0.00906007 0.0171203 0.0303789 0.0387301 0.0365033 0.0293935 0.0267727 0.030314 0.034845 0.0361436 0.0345876 0.0328925 0.0324837 0.0325948 0.0319597 0.0303315 0.0283651 0.0266935 0.0254405 0.0244008 0.0233856 0.0223464 0.0213043 0.0202727 0.0192499 0.0182446 0.0172849 0.0164073 0.0156422 0.0150036 0.0144835 0.0140484 0.0136397 0.0131818 0.0125967 0.0118232 0.0108322 0.00963666 0.00828918 0.00687105 0.00547458 0.00418459 0.00306402 0.00214676 0.00143801 0.000920333 0.000562489 0.000328171 0.000182712 9.70535e-05 4.9175e-05 2.37628e-05 1.09499e-05 4.81105e-06 2.01531e-06 8.04797e-07 3.06368e-07 1.1117e-07 3.84506e-08 1.26756e-08 3.98264e-09 1.19261e-09 3.40362e-10
 2.2475e-19 1.29466e-13 4.56586e-09 1.02129e-05 0.00156034 0.0190244 0.0228408 0.00277229 0.000169634 0.00137369 0.00635927 0.0141681 0.0153671 0.00892141 0.00597581 0.0106833 0.0190395 0.0248705 0.0252251 0.0242493 0.0276807 0.0351725 0.0413768 0.0425212 0.0397521 0.0367312 0.0355288 0.0354754 0.035056 0.033722 0.0319014 0.0300892 0.0283713 0.0266169 0.0247943 0.0230235 0.0214375 0.0200801 0.0189173 0.0178984 0.0169928 0.0161914 0.015492 0.0148875 0.0143582 0.0138692 0.0133699 0.0128009 0.0121047 0.0112401 0.0101936 0.00898544 0.00766739 0.00631269 0.00500145 0.00380532 0.00277587 0.00193897 0.00129564 0.000827573 0.000504988 0.000294242 0.00016365 8.68538e-05 4.39764e-05 2.12386e-05 9.7823e-06 4.29642e-06 1.79919e-06 7.18314e-07 2.73391e-07 9.91882e-08 3.43019e-08 1.13068e-08 3.55228e-09 1.06367e-09 3.03547e-10
 2.48509e-19 1.43152e-13 5.04851e-09 1.12925e-05 0.00172528 0.0210354 0.0252554 0.00306991 0.000280472 0.00241766 0.0111906 0.0249116 0.0268489 0.014634 0.00652991 0.00843955 0.0145982 0.0188826 0.0186685 0.0169976 0.018423 0.0233206 0.0285459 0.0318326 0.0337642 0.0359947 0.0387568 0.0406806 0.040566 0.0386128 0.0359527 0.0334983 0.0314344 0.0295208 0.0275577 0.0255427 0.0235688 0.0217133 0.0200176 0.0185114 0.0172208 0.0161565 0.0153039 0.0146253 0.0140676 0.0135684 0.0130608 0.0124784 0.0117648 0.0108837 0.00982825 0.00862383 0.00732466 0.00600311 0.00473562 0.00358859 0.00260815 0.00181578 0.00120975 0.000770705 0.00046922 0.000272864 0.000151504 8.02917e-05 4.06042e-05 1.95899e-05 9.01514e-06 3.95665e-06 1.65593e-06 6.60798e-07 2.51401e-07 9.11809e-08 3.15246e-08 1.03892e-08 3.26344e-09 9.77054e-10 2.788e-10
 2.59528e-19 1.49499e-13 5.27236e-09 1.17932e-05 0.00180178 0.0219681 0.0263752 0.00320674 0.000307472 0.00266579 0.01234 0.0274806 0.0297038 0.0166726 0.00919685 0.0144452 0.0252282 0.0318958 0.0293095 0.0219519 0.0176917 0.0185768 0.021319 0.0230299 0.0237562 0.0249701 0.0273194 0.0301409 0.0325059 0.0340681 0.0349186 0.0350848 0.0344247 0.0328931 0.0307177 0.0282836 0.0259045 0.0237172 0.0217324 0.0199304 0.0183118 0.0168953 0.0156959 0.0147095 0.0139069 0.0132346 0.0126212 0.0119886 0.0112661 0.0104052 0.0093891 0.00823609 0.00699469 0.00573256 0.00452216 0.00342678 0.00249048 0.0017338 0.00115508 0.000735845 0.000447976 0.000260498 0.000144632 7.66473e-05 3.876e-05 1.86996e-05 8.60523e-06 3.77667e-06 1.58058e-06 6.3072e-07 2.39955e-07 8.70286e-08 3.00888e-08 9.91592e-09 3.11477e-09 9.32539e-10 2.66097e-10
 2.02173e-19 1.16459e-13 4.10714e-09 9.18686e-06 0.00140358 0.017113 0.0205462 0.00250157 0.000311483 0.00277287 0.0128358 0.0285862 0.030912 0.0174243 0.00987501 0.0158432 0.0278103 0.0355311 0.0337471 0.0277199 0.0259304 0.0295497 0.0333159 0.0330295 0.0292439 0.0251922 0.0231011 0.0229118 0.0235535 0.0243682 0.0252972 0.0263674 0.0273933 0.0280809 0.0282225 0.0277561 0.0267239 0.0252335 0.0234434 0.0215381 0.0196847 0.0179966 0.0165253 0.0152739 0.0142154 0.0133048 0.0124841 0.0116884 0.0108551 0.00993638 0.00890966 0.00778284 0.00659242 0.00539451 0.00425186 0.00322058 0.00234021 0.00162912 0.00108537 0.000691481 0.000420999 0.000244829 0.000135942 7.2046e-05 3.6435e-05 1.75787e-05 8.08972e-06 3.55053e-06 1.48598e-06 5.92981e-07 2.25601e-07 8.18239e-08 2.82897e-08 9.32309e-09 2.92858e-09 8.76798e-10 2.50193e-10
 1.97547e-19 1.13795e-13 4.01319e-09 8.97672e-06 0.00137147 0.0167216 0.0200762 0.00244154 0.000247254 0.00215701 0.00998556 0.0222465 0.0241225 0.0139664 0.00921884 0.0163078 0.0288467 0.0369208 0.0352419 0.029355 0.0281174 0.032754 0.0378001 0.0389241 0.0366603 0.0340249 0.0326296 0.0317046 0.0299473 0.0272052 0.0243647 0.0223037 0.0212699 0.0210075 0.0211416 0.0213896 0.0215642 0.0215292 0.0211937 0.0205295 0.0195755 0.0184194 0.0171683 0.0159195 0.0147395 0.0136528 0.0126457 0.0116778 0.0107007 0.00967469 0.00858086 0.00742644 0.00624275 0.00507738 0.00398302 0.00300614 0.00217857 0.00151366 0.00100705 0.000640951 0.00038997 0.000226679 0.000125825 6.66706e-05 3.37121e-05 1.62635e-05 7.48406e-06 3.2846e-06 1.37465e-06 5.48548e-07 2.08695e-07 7.56917e-08 2.61694e-08 8.62434e-09 2.70908e-09 8.11082e-10 2.31441e-10
 4.21194e-19 2.42629e-13 8.55673e-09 1.91397e-05 0.00292418 0.0356529 0.0428051 0.0051927 0.000261974 0.00203321 0.00941187 0.0209623 0.0226788 0.0128458 0.00750232 0.0123106 0.0217265 0.0280747 0.027605 0.02476 0.0261706 0.0321752 0.0377775 0.0392792 0.037522 0.0356034 0.0351255 0.0352532 0.034542 0.0325972 0.0299955 0.027356 0.0248709 0.0225083 0.0203276 0.0185159 0.0172236 0.0164468 0.0160453 0.015833 0.0156499 0.0153904 0.0150018 0.0144718 0.0138134 0.0130503 0.0122036 0.0112855 0.0102991 0.00924553 0.00813211 0.00697883 0.00581978 0.00469892 0.003662 0.00274771 0.00198096 0.00137006 0.000907836 0.000575772 0.00034924 0.000202467 0.00011213 5.92988e-05 2.99353e-05 1.44215e-05 6.62874e-06 2.90641e-06 1.2154e-06 4.84686e-07 1.843e-07 6.6815e-08 2.30923e-08 7.60813e-09 2.38933e-09 7.15224e-10 2.0406e-10
 3.57346e-19 2.05846e-13 7.25951e-09 1.62381e-05 0.00248087 0.0302478 0.0363161 0.00441853 0.000487679 0.00429272 0.0198692 0.044225 0.0476127 0.0256621 0.0103923 0.0118543 0.0201727 0.0258293 0.0247887 0.0209625 0.020588 0.0245482 0.0290661 0.0312182 0.031481 0.0318843 0.0332096 0.0344803 0.03453 0.0332508 0.0313392 0.0293887 0.0274842 0.0254512 0.0232155 0.0208921 0.0186659 0.0166812 0.0150196 0.0137191 0.01278 0.0121594 0.0117743 0.0115203 0.011295 0.0110148 0.0106214 0.0100811 0.00938276 0.0085355 0.00756633 0.00651714 0.00543969 0.00438889 0.00341525 0.0025581 0.00184116 0.0012715 0.000841511 0.000533197 0.000323178 0.000187254 0.000103661 5.48032e-05 2.76593e-05 1.33228e-05 6.12291e-06 2.68437e-06 1.12246e-06 4.47596e-07 1.70189e-07 6.16972e-08 2.1323e-08 7.02504e-09 2.20618e-09 6.6039e-10 1.88413e-10
 4.02965e-19 2.32126e-13 8.18632e-09 1.83112e-05 0.0027976 0.0341095 0.0409524 0.00497578 0.000410569 0.00349254 0.0161676 0.0360127 0.0389945 0.0222691 0.0136348 0.0230152 0.0403624 0.0508219 0.0460433 0.0329698 0.0241628 0.0232386 0.0254441 0.0263065 0.0254703 0.0247713 0.0252579 0.026394 0.0272109 0.0273674 0.0270847 0.0265691 0.0257701 0.0245659 0.0229752 0.0211534 0.019265 0.0174074 0.0156293 0.0139755 0.0125027 0.0112637 0.0102866 0.00956328 0.00905117 0.00868104 0.00836998 0.00803645 0.00761491 0.00706671 0.00638457 0.0055906 0.00472874 0.00385387 0.0030205 0.00227319 0.00164076 0.0011347 0.000751272 0.00047588 0.00028823 0.000166845 9.22657e-05 4.8727e-05 2.45679e-05 1.18228e-05 5.42908e-06 2.37848e-06 9.93951e-07 3.96147e-07 1.50562e-07 5.45627e-08 1.88518e-08 6.20945e-09 1.94968e-09 5.83525e-10 1.66463e-10
 2.48349e-19 1.43058e-13 5.04518e-09 1.12851e-05 0.00172415 0.0210215 0.0252389 0.00307559 0.000436909 0.00393133 0.0181978 0.040521 0.0437596 0.0243417 0.0126514 0.0189817 0.0332052 0.0426712 0.0412811 0.0355399 0.0354659 0.0417631 0.0471015 0.0458364 0.038964 0.0313064 0.0262955 0.0240357 0.0230266 0.0222386 0.0215309 0.0210305 0.0206821 0.0202875 0.0196983 0.0188795 0.0178575 0.0166705 0.0153648 0.0140025 0.0126558 0.01139 0.0102529 0.00927103 0.00845092 0.00777907 0.00722305 0.00673609 0.00626629 0.0057681 0.00521236 0.00459207 0.00392219 0.00323393 0.00256586 0.00195445 0.00142683 0.000997089 0.000666369 0.000425614 0.000259662 0.000151256 8.40989e-05 4.46195e-05 2.25851e-05 1.09045e-05 5.02123e-06 2.20485e-06 9.23141e-07 3.68498e-07 1.40232e-07 5.08716e-08 1.75912e-08 5.79808e-09 1.82149e-09 5.45388e-10 1.55636e-10
 2.71379e-19 1.56326e-13 5.51312e-09 1.23318e-05 0.00188406 0.0229712 0.0275796 0.00335134 0.000284118 0.00242581 0.0112304 0.0250252 0.0271808 0.015989 0.0114185 0.0210496 0.0372807 0.0474896 0.0446508 0.0357247 0.0322472 0.0364097 0.0420608 0.044114 0.0428743 0.0412647 0.0405498 0.0394698 0.0364977 0.0317281 0.0265692 0.0223416 0.019472 0.0176771 0.0165016 0.0156283 0.0148913 0.0141954 0.0134754 0.0126954 0.011853 0.0109706 0.0100821 0.00922095 0.00841263 0.00766915 0.00698784 0.00635367 0.00574509 0.0051412 0.00452819 0.00390348 0.00327645 0.00266582 0.00209469 0.0015848 0.00115179 0.000802659 0.000535598 0.000341848 0.000208527 0.000121494 6.75777e-05 3.58716e-05 1.81666e-05 8.7756e-06 4.04281e-06 1.77596e-06 7.43839e-07 2.97016e-07 1.13059e-07 4.10229e-08 1.4188e-08 4.67706e-09 1.46948e-09 4.40031e-10 1.2558e-10
 3.3257e-19 1.91575e-13 6.75625e-09 1.51124e-05 0.00230888 0.0281509 0.0337983 0.00410545 0.000316331 0.00266456 0.012334 0.027465 0.0296675 0.0165443 0.00874997 0.013337 0.023448 0.0304737 0.0304907 0.0284509 0.0314362 0.0393265 0.0460048 0.0470713 0.0437426 0.0401501 0.0386925 0.0386717 0.0383334 0.036877 0.034545 0.0317307 0.0285389 0.0250085 0.0213894 0.0180879 0.0154197 0.0134619 0.0120925 0.0111175 0.010367 0.00972756 0.00913468 0.00855569 0.00797614 0.0073905 0.0067961 0.00619001 0.00556916 0.00493254 0.00428396 0.00363379 0.00299862 0.0023988 0.00185455 0.00138208 0.000990705 0.000681903 0.000450048 0.000284489 0.000172088 9.95403e-05 5.50242e-05 2.90542e-05 1.46485e-05 7.0496e-06 3.2375e-06 1.4185e-06 5.92845e-07 2.36307e-07 8.98204e-08 3.25529e-08 1.1248e-08 3.70509e-09 1.1634e-09 3.48209e-10 9.93372e-11
 3.02027e-19 1.7398e-13 6.13571e-09 1.37244e-05 0.00209682 0.0255653 0.0306942 0.00373285 0.000378333 0.00330075 0.0152787 0.0340188 0.0367198 0.020325 0.0102012 0.0148319 0.0258073 0.0328924 0.0310431 0.0251208 0.0231674 0.0267577 0.0317227 0.0346805 0.0359427 0.0374125 0.0395686 0.0410808 0.0406709 0.0384788 0.0356271 0.0330247 0.0308135 0.0286679 0.0262965 0.0236468 0.0208347 0.0180305 0.015404 0.0131016 0.0112172 0.00976875 0.00870239 0.00792173 0.00732297 0.0068182 0.00634348 0.00585751 0.00533771 0.00477675 0.00418004 0.00356317 0.0029487 0.00236193 0.00182654 0.0013607 0.000974682 0.000670285 0.000441973 0.000279135 0.000168709 9.75126e-05 5.38678e-05 2.84272e-05 1.43253e-05 6.8912e-06 3.16363e-06 1.38573e-06 5.79006e-07 2.30744e-07 8.76915e-08 3.1777e-08 1.09787e-08 3.61608e-09 1.13537e-09 3.39801e-10 9.69344e-11
 4.38132e-19 2.52385e-13 8.90079e-09 1.99093e-05 0.00304176 0.0370865 0.0445264 0.00540544 0.000352687 0.00289068 0.0133812 0.0298031 0.0322454 0.0182743 0.0107025 0.0175627 0.0308322 0.0392003 0.0366611 0.0288816 0.0253644 0.0279745 0.0317304 0.0324993 0.0306204 0.0288211 0.0287595 0.0299873 0.0312957 0.032048 0.0322317 0.0318975 0.0309394 0.0292974 0.027135 0.0247526 0.0223872 0.0201209 0.0179346 0.0158058 0.0137591 0.0118588 0.0101759 0.00875831 0.00761595 0.00672045 0.00601537 0.00543246 0.00490807 0.00439508 0.0038682 0.00332331 0.00277249 0.00223713 0.00174078 0.00130329 0.000937184 0.000646391 0.000427144 0.000270196 0.000163492 9.4573e-05 5.22733e-05 2.75966e-05 1.39106e-05 6.69295e-06 3.07303e-06 1.34616e-06 5.62511e-07 2.24181e-07 8.52003e-08 3.0875e-08 1.06673e-08 3.51355e-09 1.10319e-09 3.30173e-10 9.41882e-11
 2.51885e-19 1.45094e-13 5.11701e-09 1.14457e-05 0.00174869 0.0213208 0.0255983 0.00312063 0.000468595 0.00423364 0.0195965 0.0436263 0.0470375 0.0257415 0.0118626 0.0158715 0.0274627 0.0352005 0.0338256 0.0286578 0.0280743 0.0329994 0.0378795 0.0383909 0.0352117 0.0316868 0.0298478 0.0292342 0.0285684 0.0274113 0.0261962 0.0253905 0.0250061 0.0247334 0.0242632 0.0234406 0.0222437 0.0207259 0.018985 0.0171388 0.0152955 0.0135303 0.0118834 0.0103743 0.00901478 0.00781286 0.00676857 0.00586943 0.00509094 0.0044024 0.00377496 0.00318867 0.0026357 0.0021193 0.00164961 0.00123827 0.000893844 0.000619165 0.000410942 0.000261028 0.000158547 9.20254e-05 5.10176e-05 2.70037e-05 1.3642e-05 6.57613e-06 3.0242e-06 1.32653e-06 5.54921e-07 2.21357e-07 8.41894e-08 3.05271e-08 1.05523e-08 3.47702e-09 1.09206e-09 3.26923e-10 9.32794e-11
 2.38416e-19 1.37338e-13 4.84346e-09 1.08339e-05 0.00165521 0.020181 0.0242296 0.00294581 0.000281088 0.00243574 0.0112766 0.0251311 0.0273206 0.0162089 0.0120385 0.0226051 0.0400117 0.050685 0.0468026 0.0355493 0.0293383 0.0311213 0.0352162 0.0366617 0.0354607 0.0341389 0.0339541 0.0340031 0.0329796 0.030712 0.0279971 0.025604 0.0237484 0.0222775 0.0210292 0.0199545 0.019035 0.018202 0.017348 0.0163838 0.0152751 0.014042 0.0127368 0.0114192 0.0101395 0.00893022 0.00780615 0.00676912 0.00581434 0.00493561 0.00412842 0.00339133 0.00272601 0.00213623 0.00162618 0.00119852 0.000852698 0.000584133 0.000384484 0.000242742 0.000146796 8.49412e-05 4.69877e-05 2.48328e-05 1.2532e-05 6.03663e-06 2.77467e-06 1.21665e-06 5.08823e-07 2.02931e-07 7.71714e-08 2.79797e-08 9.671e-09 3.18647e-09 1.00076e-09 2.99583e-10 8.54765e-11
 3.05167e-19 1.7579e-13 6.19956e-09 1.38672e-05 0.00211864 0.0258314 0.0310135 0.00376645 0.000275485 0.00230202 0.0106561 0.0237321 0.0256636 0.0144707 0.0082227 0.0132497 0.0234274 0.0305661 0.0309138 0.0295161 0.0333752 0.0420035 0.048738 0.0488332 0.0436743 0.0379785 0.0347608 0.033672 0.0330019 0.0318212 0.0302236 0.0285067 0.0266969 0.0246964 0.0225459 0.0204394 0.0185682 0.0170106 0.015739 0.0146802 0.0137578 0.0129053 0.0120689 0.0112111 0.010315 0.00938209 0.00842574 0.00746316 0.00651063 0.00558254 0.00469251 0.00385496 0.00308525 0.00239812 0.00180526 0.00131287 0.000920457 0.000621041 0.000402654 0.000250556 0.000149483 8.54305e-05 4.67358e-05 2.44583e-05 1.22378e-05 5.85168e-06 2.67285e-06 1.16582e-06 4.85417e-07 1.9289e-07 7.31325e-08 2.64504e-08 9.12422e-09 3.00151e-09 9.41469e-10 2.81546e-10 8.02658e-11
 2.74684e-19 1.58229e-13 5.58024e-09 1.24819e-05 0.001907 0.0232509 0.0279154 0.00339485 0.000342578 0.00298736 0.013828 0.0307875 0.0332214 0.0183297 0.00898922 0.0128001 0.022264 0.028503 0.0272858 0.0229446 0.022433 0.0269028 0.0324345 0.0359638 0.0378945 0.0399882 0.0424382 0.0436572 0.0423266 0.0388215 0.0346528 0.0310739 0.0284004 0.0263088 0.0244082 0.0225126 0.0206035 0.0187231 0.016927 0.0152752 0.0138187 0.0125798 0.011543 0.0106641 0.00988646 0.00915539 0.00842729 0.00767355 0.0068818 0.00605501 0.00520872 0.00436717 0.00355869 0.00281103 0.00214728 0.00158276 0.00112359 0.000766875 0.000502499 0.000315718 0.000190006 0.000109437 6.02804e-05 3.17358e-05 1.59615e-05 7.666e-06 3.51472e-06 1.53786e-06 6.4201e-07 2.5567e-07 9.71085e-08 3.51731e-08 1.21475e-08 3.99984e-09 1.25556e-09 3.75703e-10 1.0716e-10
 2.33649e-19 1.34591e-13 4.7466e-09 1.06172e-05 0.00162211 0.0197774 0.0237451 0.00288856 0.000309261 0.00271391 0.012563 0.027981 0.0302753 0.0171651 0.0100783 0.0165652 0.0290769 0.0369387 0.0344584 0.0269612 0.023443 0.02579 0.0294982 0.030815 0.030046 0.0295911 0.0307873 0.0330398 0.0351242 0.0364022 0.0368086 0.0363195 0.0348135 0.0323355 0.0292543 0.0260917 0.0232347 0.0208076 0.0187445 0.0169293 0.0152847 0.0137865 0.0124407 0.0112567 0.0102304 0.00933921 0.00854417 0.00779902 0.00706117 0.00630159 0.00551032 0.00469686 0.0038858 0.00310959 0.00240046 0.00178374 0.00127374 0.000872893 0.000573461 0.000360851 0.000217327 0.000125198 6.8952e-05 3.62887e-05 1.82432e-05 8.75771e-06 4.01337e-06 1.75528e-06 7.3249e-07 2.91604e-07 1.10725e-07 4.00953e-08 1.38447e-08 4.55794e-09 1.43057e-09 4.28024e-10 1.22073e-10
 3.41948e-19 1.96978e-13 6.94678e-09 1.55386e-05 0.002374 0.0289448 0.0347514 0.00421876 0.000275007 0.00225363 0.0104324 0.0232375 0.0251585 0.0143518 0.0087369 0.0147254 0.0259813 0.0333428 0.0320999 0.0273225 0.0269344 0.0317596 0.0364666 0.0369303 0.0338511 0.0305199 0.0289797 0.0288585 0.0289408 0.028741 0.0285507 0.0286744 0.0290012 0.0291543 0.0288032 0.0278072 0.0261969 0.0241181 0.021786 0.0194315 0.0172394 0.0153088 0.0136562 0.0122476 0.0110333 0.00996658 0.00900825 0.00812361 0.00728146 0.0064565 0.00563364 0.00481143 0.00400212 0.00322811 0.00251582 0.00188895 0.00136324 0.000943967 0.000626288 0.0003977 0.000241511 0.000140162 7.76985e-05 4.11247e-05 2.07758e-05 1.00151e-05 4.60583e-06 2.02036e-06 8.45187e-07 3.37152e-07 1.28233e-07 4.64984e-08 1.60733e-08 5.29629e-09 1.66348e-09 4.97989e-10 1.4209e-10
 2.33114e-19 1.34282e-13 4.73569e-09 1.05928e-05 0.00161838 0.019732 0.0236906 0.00288507 0.000372457 0.00332589 0.0153947 0.0342725 0.0369544 0.0202355 0.00936983 0.0126045 0.0218427 0.0280841 0.0272483 0.0236727 0.0240653 0.0290916 0.0342188 0.0360011 0.035072 0.0340252 0.0340606 0.0342611 0.0333637 0.0312652 0.0288252 0.0268493 0.0255494 0.0247264 0.0241397 0.0236499 0.0231585 0.022546 0.0216929 0.0205359 0.0190974 0.0174707 0.0157805 0.0141424 0.0126342 0.0112861 0.0100868 0.00900018 0.0079839 0.00700439 0.00604433 0.00510418 0.00419883 0.00335161 0.00258743 0.00192655 0.0013804 0.000950033 0.000627097 0.000396523 0.000239949 0.000138852 7.67879e-05 4.05627e-05 2.04586e-05 9.84911e-06 4.52452e-06 1.98291e-06 8.28917e-07 3.30465e-07 1.2563e-07 4.55365e-08 1.57359e-08 5.18382e-09 1.62783e-09 4.8724e-10 1.39006e-10
 2.80398e-19 1.61522e-13 5.69636e-09 1.27416e-05 0.00194668 0.0237347 0.0284962 0.00346137 0.000265922 0.00223902 0.0103654 0.0230947 0.0250589 0.0146013 0.00995396 0.0179032 0.0316037 0.0400535 0.0370567 0.0283149 0.0236495 0.0253866 0.0290343 0.030715 0.0305159 0.0304851 0.0315701 0.0329353 0.0334199 0.0327693 0.0314695 0.029966 0.0283331 0.0265074 0.0245679 0.0227364 0.0212047 0.0200214 0.0191092 0.0183417 0.0176014 0.0168024 0.0158951 0.0148668 0.0137363 0.0125418 0.0113248 0.0101169 0.00893517 0.00778546 0.0066702 0.00559606 0.00457768 0.00363631 0.00279503 0.00207271 0.00147941 0.00101441 0.000667231 0.000420498 0.000253674 0.000146381 8.07481e-05 4.25596e-05 2.14241e-05 1.02967e-05 4.72339e-06 2.06759e-06 8.63446e-07 3.43945e-07 1.30664e-07 4.73351e-08 1.635e-08 5.38418e-09 1.69025e-09 5.05808e-10 1.44277e-10
 3.59478e-19 2.07076e-13 7.30291e-09 1.63352e-05 0.0024957 0.0304286 0.036533 0.00443636 0.000316154 0.00263081 0.0121776 0.0271145 0.0292706 0.0162201 0.00821054 0.0120525 0.021107 0.0273656 0.0271943 0.0249758 0.0270643 0.0334284 0.0386834 0.0389053 0.0351151 0.0310188 0.0289858 0.0287368 0.0289315 0.0288459 0.0285321 0.028155 0.0276292 0.0267659 0.0255071 0.023957 0.022273 0.0205853 0.018989 0.0175576 0.0163378 0.0153328 0.0145006 0.0137703 0.0130653 0.0123217 0.0114973 0.010573 0.00955126 0.00845147 0.00730569 0.00615364 0.00503778 0.00399846 0.00306933 0.00227359 0.00162184 0.0011121 0.000731902 0.000461707 0.00027888 0.000161149 8.90192e-05 4.6983e-05 2.36808e-05 1.13943e-05 5.23214e-06 2.29228e-06 9.57991e-07 3.81844e-07 1.45137e-07 5.26006e-08 1.8175e-08 5.98685e-09 1.87987e-09 5.62653e-10 1.60514e-10
 2.37319e-19 1.36704e-13 4.82112e-09 1.07839e-05 0.00164757 0.0200879 0.024118 0.00293722 0.000381292 0.00340638 0.0157675 0.0351053 0.0378762 0.0208737 0.0101477 0.0143203 0.0248393 0.0316067 0.0296819 0.0236896 0.0213677 0.0243193 0.0286633 0.0311945 0.0321191 0.0331354 0.0346776 0.0355606 0.0346742 0.032235 0.0293927 0.0271151 0.025631 0.0246569 0.0238442 0.022992 0.022023 0.0209129 0.01967 0.0183401 0.0169978 0.0157217 0.0145704 0.0135698 0.0127103 0.0119516 0.011234 0.0104929 0.00967597 0.00875466 0.00773028 0.00663201 0.00550888 0.00441821 0.00341392 0.0025371 0.00181092 0.00124009 0.000813944 0.000511668 0.000307855 0.000177182 9.74978e-05 5.12721e-05 2.57579e-05 1.23577e-05 5.66022e-06 2.47446e-06 1.03223e-06 4.10805e-07 1.55947e-07 5.64595e-08 1.94919e-08 6.41626e-09 2.0136e-09 6.02417e-10 1.71799e-10
 2.26049e-19 1.30214e-13 4.59223e-09 1.02719e-05 0.00156935 0.0191342 0.0229728 0.0027927 0.000260161 0.00224797 0.0104068 0.0231875 0.0251632 0.0146819 0.0100772 0.0181959 0.0321552 0.0408548 0.0380987 0.029768 0.025778 0.0281477 0.031792 0.0324521 0.0304224 0.0284465 0.0282158 0.0293013 0.0304854 0.0311017 0.0311114 0.030568 0.0294085 0.0276492 0.0255409 0.0234562 0.0216656 0.020231 0.019061 0.0180248 0.0170285 0.0160327 0.0150383 0.0140653 0.0131346 0.0122548 0.0114158 0.0105906 0.0097433 0.00884206 0.00787033 0.00683398 0.00576138 0.00469712 0.00369159 0.00278996 0.00202374 0.00140686 0.00093625 0.00059594 0.000362565 0.000210722 0.000116947 6.19542e-05 3.13212e-05 1.51073e-05 6.95086e-06 3.05014e-06 1.27636e-06 5.09273e-07 1.93735e-07 7.02608e-08 2.42903e-08 8.00467e-09 2.51433e-09 7.52752e-10 2.14791e-10
 2.4602e-19 1.41718e-13 4.99794e-09 1.11794e-05 0.001708 0.0208247 0.0250024 0.00303787 0.000251527 0.00214063 0.00990908 0.0220681 0.0238624 0.0134445 0.00760132 0.0121965 0.0215209 0.027934 0.0278349 0.0257296 0.0281138 0.0349376 0.0406754 0.0413085 0.037864 0.034028 0.0320111 0.0313272 0.0306027 0.0293606 0.0280599 0.0271949 0.0267704 0.0264473 0.0258952 0.0249649 0.0236683 0.0221122 0.020451 0.0188443 0.0174108 0.016199 0.0151903 0.0143274 0.0135442 0.0127833 0.0120006 0.0111637 0.0102507 0.00925252 0.0081751 0.00704159 0.00589028 0.00476885 0.00372595 0.00280251 0.00202525 0.00140388 0.000932269 0.000592467 0.000360036 0.000209077 0.000115964 6.14073e-05 3.1035e-05 1.49659e-05 6.88466e-06 3.02072e-06 1.26394e-06 5.04282e-07 1.91827e-07 6.95659e-08 2.40493e-08 7.92507e-09 2.48928e-09 7.45242e-10 2.12646e-10
 2.89895e-19 1.66993e-13 5.88929e-09 1.31732e-05 0.00201261 0.0245386 0.0294614 0.00357862 0.000275262 0.00231803 0.01073 0.0238932 0.0258096 0.0143947 0.00761635 0.0115937 0.0202837 0.0259843 0.0249074 0.0210088 0.0206031 0.0246745 0.0295578 0.0324045 0.0336352 0.0350363 0.0370229 0.0383205 0.0377248 0.0353906 0.032431 0.0297983 0.0277566 0.0261355 0.0247537 0.023559 0.022533 0.0216026 0.0206576 0.019618 0.0184743 0.0172776 0.0161045 0.0150193 0.0140507 0.0131843 0.0123723 0.0115519 0.0106659 0.00967897 0.00858551 0.00740967 0.0061984 0.00501038 0.00390382 0.00292591 0.00210607 0.00145394 0.000961636 0.000608802 0.000368662 0.000213405 0.00011803 6.23465e-05 3.14422e-05 1.51345e-05 6.95142e-06 3.04605e-06 1.27315e-06 5.07503e-07 1.92911e-07 6.99171e-08 2.41591e-08 7.95814e-09 2.49889e-09 7.47935e-10 2.13373e-10
## init parameters 
#ilinf 
76.464 
#ik 
0.09 
#it0 
0 
#icvl 
0.09 
#ireck 
7.111111 
#iRo 
2000 
#iwt (recdevs) 
1 1 1 1 1 1 1 1 1 1 1 1 1 1 1 1 1 1 1 1 1 1 1 1 1 1 1 1 1 1 1 1 1 1 1 1 1 
## some useful control setting 
#cv_it 
0.2 
#sigR 
0.6
#sigVul 
0.3 
#phz_reck 
-2 
#phz_growth 
-4 
#use_prior 
1 
#dend 
999 
