# syr 
1
# eyr 
38
# nage 
12
# nlen 
77
# lstp 
1
# SR function 
1
# m 
0.23
# alw 
2.38e-05
# blw 
2.7671
# wmat 
1.24034
# mat50  
2.44885
# #matsd 
0.568183
# ahat 
3.64358
# ghat 
1.14361
# vul 
 0.0901664 0.191982 0.362909 0.57729 0.766039 0.887004 0.949546 0.978318 0.990841 0.996159 0.998394 0.99933
# nyt 
38
# iyr 
 1 2 3 4 5 6 7 8 9 10 11 12 13 14 15 16 17 18 19 20 21 22 23 24 25 26 27 28 29 30 31 32 33 34 35 36 37 38
# yt 
 2624.06 1143.38 7.22799 10.1573 0.0756779 0.331027 0.69188 1.06453 1.30295 0.282668 0.417189 0.00330043 0.0156439 0.0339568 0.0522901 0.0715211 0.0169112 0.000387526 0.000978081 0.00175765 0.00279439 0.00374454 0.00457486 0.00538242 0.00632508 0.00752536 0.00884711 0.0101413 0.0114003 0.0125329 0.0137467 0.0150919 0.0164476 0.0179088 0.0196459 0.0214217 0.0229574 0.0243666
# cal 
 7.50234e-16 4.32167e-10 1.52411e-05 0.0340915 5.20852 63.5045 76.2445 9.26756 0.840512 7.23873 33.5081 74.6202 80.6505 45.2333 24.8328 38.9109 68.1867 87.1603 82.9445 68.5541 64.9786 75.4027 87.3694 91.0083 87.6582 84.3196 84.6984 86.9503 87.8558 86.5711 84.3637 82.4345 80.87 79.1799 77.1041 74.7787 72.4482 70.2476 68.2235 66.4349 64.9864 63.9856 63.4883 63.4604 63.7579 64.1222 64.1968 63.5764 61.8837 58.8561 54.416 48.7027 42.054 34.9413 27.8776 21.3238 15.6184 10.9434 7.32986 4.69038 2.8661 1.67181 0.930608 0.49423 0.250374 0.12097 0.0557359 0.0244859 0.010256 0.00409535 0.00155891 0.000565644 0.000195632 6.44898e-05 2.0262e-05 6.06737e-06 1.73155e-06
 7.48812e-15 4.31352e-09 0.000152124 0.340271 51.987 633.847 761.003 92.3415 5.15085 40.9196 189.399 421.577 453.965 245.202 101.212 118.369 201.025 253.621 232.098 171.45 133.711 134.479 146.492 145.167 129.642 112.379 101.788 96.6175 91.9332 85.5227 78.4496 72.2872 67.3925 63.2446 59.3854 55.7608 52.499 49.6686 47.2516 45.2249 43.6034 42.418 41.6756 41.3304 41.2701 41.3127 41.2178 40.717 39.5617 37.5782 34.7119 31.0475 26.7967 22.2571 17.7533 13.5773 9.94319 6.96626 4.6656 2.98534 1.82413 1.06398 0.592247 0.314525 0.159333 0.0769817 0.0354683 0.0155818 0.00652646 0.00260607 0.000992002 0.000359943 0.000124488 4.10373e-05 1.28934e-05 3.86088e-06 1.10185e-06
 4.37823e-15 2.5221e-09 8.89465e-05 0.198956 30.3966 370.609 444.954 53.8756 0.648305 1.06121 4.90977 10.9229 11.7153 6.06548 1.53757 0.259217 0.152929 0.177564 0.152805 0.0914047 0.0379857 0.011034 0.00232837 0.0004428 0.000133032 6.27084e-05 2.8348e-05 1.04826e-05 3.10748e-06 7.42386e-07 1.46799e-07 2.62411e-08 5.19563e-09 1.3421e-09 3.99459e-10 1.14276e-10 2.94659e-11 6.95232e-12 1.60867e-12 4.05177e-13 1.19169e-13 4.07028e-14 1.59639e-14 7.40396e-15 4.17388e-15 2.81298e-15 2.16257e-15 1.8062e-15 1.57618e-15 1.39714e-15 1.23368e-15 1.07093e-15 9.05792e-16 7.4191e-16 5.85991e-16 4.44996e-16 3.2421e-16 2.26272e-16 1.51104e-16 9.64709e-17 5.8845e-17 3.42769e-17 1.90592e-17 1.01131e-17 5.11965e-18 2.4722e-18 1.13853e-18 4.99996e-19 2.09363e-19 8.3581e-20 3.18093e-20 1.15401e-20 3.99073e-21 1.31541e-21 4.13255e-22 1.2374e-22 3.5312e-23
 2.22598e-17 1.28083e-11 4.51702e-07 0.00101037 0.154365 1.8821 2.261 0.332158 1.19398 11.5243 53.337 118.659 127.259 65.8406 16.5116 2.32123 0.775695 0.829024 0.712069 0.426122 0.17745 0.0520883 0.0116302 0.00278015 0.00114395 0.000597574 0.000273929 0.00010135 2.99655e-05 7.09468e-06 1.36104e-06 2.20922e-07 3.47506e-08 6.74733e-09 1.70957e-09 4.58236e-10 1.11734e-10 2.36496e-11 4.31596e-12 6.86148e-13 9.81721e-14 1.36239e-14 2.06001e-15 3.63057e-16 7.04216e-17 1.37475e-17 2.61881e-18 5.07423e-19 1.1279e-19 3.44381e-20 1.58772e-20 9.95911e-21 7.22235e-21 5.47607e-21 4.14458e-21 3.0673e-21 2.19778e-21 1.51654e-21 1.00462e-21 6.37627e-22 3.87229e-22 2.24803e-22 1.24674e-22 6.60196e-23 3.33679e-23 1.60922e-23 7.40339e-24 3.24859e-24 1.35938e-24 5.42398e-25 2.06337e-25 7.48317e-26 2.58708e-26 8.52557e-27 2.67797e-27 8.01747e-28 2.28773e-28
 6.94239e-18 3.9992e-12 1.41039e-07 0.000315477 0.0481988 0.58766 0.705546 0.08542 0.000855823 1.71176e-05 7.64743e-05 0.000170139 0.000182521 9.47209e-05 2.48646e-05 6.4004e-06 6.61161e-06 8.01864e-06 6.90671e-06 4.12977e-06 1.71297e-06 4.92692e-07 9.82207e-08 1.3565e-08 1.2972e-09 8.58846e-11 3.95445e-12 1.34314e-13 5.70278e-15 7.44286e-16 1.32256e-16 1.96911e-17 2.3425e-18 2.22041e-19 1.67646e-20 1.00812e-21 4.82882e-23 1.84516e-24 5.67365e-26 1.56442e-27 1.97658e-29 2.21306e-30 2.11365e-31 1.72191e-32 1.19646e-33 7.09162e-35 3.59231e-36 1.52623e-37 2.2457e-41 2.71407e-42 2.90872e-43 2.76441e-44 2.32985e-45 1.74112e-46 1.13243e-47 7.57481e-49 6.22784e-52 7.82839e-53 9.20919e-54 1.12259e-54 1.99599e-55 6.88155e-56 3.27407e-56 1.69456e-56 8.44778e-57 4.03661e-57 1.84476e-57 8.05443e-58 3.3575e-58 1.33566e-58 5.06918e-59 1.83503e-59 6.33482e-60 2.08521e-60 6.54391e-61 1.95776e-61 5.58322e-62
 2.37242e-21 1.34993e-15 4.76035e-11 1.06479e-07 1.62681e-05 0.000198363 0.000239692 9.5732e-05 0.00136061 0.01316 0.0609074 0.1355 0.145314 0.0751433 0.018697 0.00224256 0.000155222 3.93356e-05 3.11437e-05 1.89018e-05 8.418e-06 3.28713e-06 1.68351e-06 1.20111e-06 8.39347e-07 4.86084e-07 2.25624e-07 8.35299e-08 2.46491e-08 5.79698e-09 1.08645e-09 1.62253e-10 1.93071e-11 1.83067e-12 1.38424e-13 8.38475e-15 4.16941e-16 1.92197e-17 1.1913e-18 1.24237e-19 1.47768e-20 1.65447e-21 1.58016e-22 1.28731e-23 8.94516e-25 5.30272e-26 2.68746e-27 1.14388e-28 5.60576e-32 6.77481e-33 7.26036e-34 6.89947e-35 5.81349e-36 4.34184e-37 2.81947e-38 1.87977e-39 3.0925e-44 3.83866e-45 4.32919e-46 4.43528e-47 4.14955e-48 3.5779e-49 2.23388e-53 3.2472e-54 4.3715e-55 5.49712e-56 6.47375e-57 7.85192e-58 1.83362e-58 2.1508e-59 7.85406e-60 2.78007e-60 9.46418e-61 3.0863e-61 9.61842e-62 2.86407e-62 8.13865e-63
 2.10265e-20 1.21122e-14 4.27159e-10 9.5547e-07 0.000145978 0.00177982 0.00213686 0.000258767 3.81075e-06 1.21293e-05 6.1783e-05 0.000208507 0.000815982 0.00375832 0.013757 0.0354605 0.0634721 0.0788302 0.0679362 0.0406259 0.0168589 0.00486069 0.000982903 0.000148921 2.42421e-05 7.76897e-06 3.5506e-06 1.61939e-06 7.68211e-07 4.06674e-07 2.25709e-07 1.1785e-07 5.43359e-08 2.15951e-08 7.34305e-09 2.13181e-09 5.28125e-10 1.1163e-10 2.01309e-11 3.0972e-12 4.06534e-13 4.55263e-14 4.35072e-15 3.55095e-16 2.48214e-17 1.50062e-18 8.11911e-20 4.26283e-21 1.53661e-22 1.85706e-23 1.99017e-24 1.89125e-25 1.59359e-26 1.19022e-27 7.72958e-29 5.15428e-30 3.00824e-34 3.73403e-35 4.21108e-36 4.31407e-37 4.03575e-38 3.47911e-39 4.49066e-45 6.51085e-46 8.71473e-47 1.07955e-47 1.21357e-48 1.26417e-49 2.52832e-50 2.41103e-55 3.57146e-56 4.93307e-57 6.57447e-58 8.82315e-59 3.20917e-61 7.32429e-62 1.7028e-62
 2.7811e-19 1.60206e-13 5.64995e-09 1.26378e-05 0.00193082 0.0235413 0.0282638 0.0034243 8.35144e-05 0.000476953 0.00220736 0.00491109 0.00527052 0.00275146 0.00082758 0.000757727 0.0026565 0.00888184 0.0246661 0.0555372 0.10027 0.144569 0.166243 0.152421 0.111418 0.0649368 0.030181 0.011194 0.00332134 0.000795392 0.000158805 2.95205e-05 6.61462e-06 2.17194e-06 9.15576e-07 4.23382e-07 2.007e-07 9.2868e-08 4.02138e-08 1.58505e-08 5.60428e-09 1.76553e-09 4.94157e-10 1.22743e-10 2.70442e-11 5.28481e-12 9.15872e-13 1.4076e-13 1.91847e-14 2.31887e-15 2.48582e-16 2.36397e-17 1.99539e-18 1.49676e-19 9.83022e-21 6.70638e-22 3.75269e-24 4.65809e-25 5.2532e-26 5.38169e-27 5.03452e-28 4.34017e-29 1.99136e-34 2.8872e-35 3.86448e-36 4.78715e-37 5.38134e-38 5.60557e-39 1.12111e-39 2.21325e-46 3.27417e-47 4.51197e-48 5.98937e-49 7.98587e-50 2.56003e-55 4.24553e-56 6.60306e-57
 7.54487e-18 4.34623e-12 1.53277e-07 0.000342851 0.0523811 0.638653 0.766772 0.0929955 0.00425157 0.0321515 0.148805 0.331091 0.355462 0.186019 0.0547637 0.0289386 0.0424507 0.0527427 0.0471488 0.0344428 0.0339299 0.0626647 0.13447 0.258903 0.428841 0.607626 0.735445 0.759937 0.67019 0.504383 0.323934 0.177544 0.0830553 0.0331749 0.0113254 0.00331261 0.00083559 0.000185039 3.77628e-05 7.97071e-06 2.06819e-06 7.02779e-07 2.79037e-07 1.14619e-07 4.57322e-08 1.71966e-08 5.99546e-09 1.92002e-09 5.61847e-10 1.49806e-10 3.6342e-11 8.01561e-12 1.60678e-12 2.92682e-13 4.84415e-14 7.28461e-15 9.95294e-16 1.23554e-16 1.39364e-17 1.42823e-18 1.33703e-19 1.15422e-20 5.13744e-24 7.44857e-25 9.9698e-26 1.23502e-26 1.38831e-27 1.44616e-28 2.89232e-29 2.00625e-35 2.96793e-36 4.08995e-37 5.42914e-38 7.23885e-39 4.78686e-46 7.93571e-47 1.2336e-47
 3.78917e-18 2.18275e-12 7.69786e-08 0.000172186 0.0263067 0.320743 0.385087 0.0467141 0.00234108 0.0181388 0.0839537 0.186834 0.200896 0.106871 0.0380644 0.0348288 0.0570749 0.0708639 0.0616462 0.0382556 0.0185184 0.00933277 0.00673335 0.00585435 0.00509372 0.00494102 0.00618624 0.00906466 0.0131142 0.0173247 0.0204422 0.0214327 0.0199425 0.0164618 0.0120534 0.00782791 0.004509 0.00230367 0.001044 0.000419765 0.000149799 4.74859e-05 1.33951e-05 3.37598e-06 7.67388e-07 1.60914e-07 3.27761e-08 7.14105e-09 1.84788e-09 5.73573e-10 1.95606e-10 6.72969e-11 2.23071e-11 6.97716e-12 2.0392e-12 5.54099e-13 1.39577e-13 3.25409e-14 7.01469e-15 1.39737e-15 2.57157e-16 4.37113e-17 6.86132e-18 9.94817e-19 1.3316e-19 1.64963e-20 1.8546e-21 1.93226e-22 3.86424e-23 2.42917e-27 3.59358e-28 4.95213e-29 6.57363e-30 8.76484e-31 1.97451e-37 3.27337e-38 5.08841e-39
 3.44596e-18 1.98483e-12 6.99985e-08 0.000156573 0.0239213 0.291659 0.350188 0.0433216 0.0192764 0.182385 0.844152 1.87846 2.01854 1.06654 0.352746 0.272861 0.43577 0.542271 0.476992 0.308512 0.17213 0.115821 0.102177 0.0893528 0.066155 0.0406647 0.0217256 0.0113403 0.00687988 0.00537068 0.0052464 0.00594675 0.00714788 0.00843073 0.0093259 0.00948261 0.00879571 0.00742296 0.00569469 0.00397033 0.00251537 0.00144803 0.000757448 0.000360034 0.000155518 6.10556e-05 2.17914e-05 7.07397e-06 2.09044e-06 5.6333e-07 1.38925e-07 3.15895e-08 6.72916e-09 1.38702e-09 2.92771e-10 6.78442e-11 1.78674e-11 5.17819e-12 1.55156e-12 4.57936e-13 1.29647e-13 3.47588e-14 8.76755e-15 2.07633e-15 4.60477e-16 9.5549e-17 1.85384e-17 3.36214e-18 5.70245e-19 9.02075e-20 1.33449e-20 1.83904e-21 2.44127e-22 3.25513e-23 6.80221e-28 1.12768e-28 1.75296e-29
 2.82467e-20 1.62717e-14 5.73849e-10 1.28359e-06 0.000196108 0.00239103 0.00287067 0.000347552 3.50232e-06 2.65145e-07 1.21596e-06 2.70514e-06 2.90117e-06 1.50082e-06 3.75715e-07 5.10837e-08 1.43993e-08 1.48191e-08 1.27133e-08 7.6013e-09 3.15292e-09 9.06864e-10 1.80799e-10 2.49801e-11 2.39659e-12 1.63295e-13 9.70088e-15 1.14406e-15 2.75148e-16 6.3611e-17 1.19085e-17 1.77833e-18 2.11614e-19 2.00668e-20 1.51799e-21 9.21403e-23 4.62976e-24 2.2334e-25 1.53455e-26 1.71386e-27 2.08216e-28 2.33237e-29 2.23074e-30 1.82528e-31 1.28647e-32 8.00202e-34 4.80513e-35 3.6886e-36 5.31619e-37 1.75245e-37 6.47032e-38 2.36895e-38 8.18115e-39 2.62441e-39 7.78744e-40 2.13531e-40 5.40951e-41 1.2664e-41 2.74089e-42 5.48937e-43 1.01926e-43 1.76146e-44 2.85666e-45 4.42223e-46 6.75066e-47 1.07273e-47 1.86002e-48 3.63724e-49 8.49374e-50 1.61371e-50 3.53806e-51 7.3515e-52 1.44598e-52 2.68873e-53 4.67572e-54 7.75148e-55 1.20496e-55
 0 0 0 0 0 0 0 0 0 0 0 0 0 0 0 0 0 0 0 0 0 0 0 0 0 0 0 0 0 0 0 0 0 0 0 0 0 0 0 0 0 0 0 0 0 0 0 0 0 0 0 0 0 0 0 0 0 0 0 0 0 0 0 0 0 0 0 0 0 0 0 0 0 0 0 0 0
 8.92535e-22 5.1414e-16 1.81321e-11 4.05579e-08 6.19646e-06 7.55499e-05 9.07054e-05 1.09839e-05 1.55512e-07 4.54943e-07 2.3552e-06 8.38121e-06 3.51778e-05 0.000165696 0.000608098 0.00156775 0.00280621 0.0034853 0.00300389 0.00179692 0.000746799 0.000216987 4.58579e-05 8.78511e-06 2.6776e-06 1.27464e-06 5.83748e-07 2.23417e-07 7.31072e-08 2.27858e-08 7.96965e-09 3.27232e-09 1.38693e-09 5.38397e-10 1.82013e-10 5.27736e-11 1.30713e-11 2.7633e-12 4.98576e-13 7.68145e-14 1.01216e-14 1.14609e-15 1.13131e-16 1.01465e-17 9.13812e-19 9.56816e-20 1.21559e-20 1.66495e-21 2.16354e-22 2.61519e-23 2.80376e-24 2.66695e-25 2.25239e-26 1.69189e-27 1.11516e-28 7.6622e-30 5.59077e-32 6.94125e-33 7.83171e-34 8.03121e-35 7.53018e-36 6.52952e-37 1.44136e-39 3.5185e-40 9.34149e-41 2.56913e-41 6.99573e-42 1.83842e-42 4.61923e-43 1.0868e-43 2.43077e-44 5.12501e-45 1.01893e-45 1.91136e-46 3.38594e-47 5.67347e-48 8.98106e-49
 1.16277e-24 6.69817e-19 2.36223e-14 5.28384e-11 8.0727e-09 9.84258e-08 1.1817e-07 1.43189e-08 3.88915e-10 2.37862e-09 1.10084e-08 2.44922e-08 2.62841e-08 1.372e-08 4.13964e-09 3.93744e-09 1.41622e-08 4.78748e-08 1.33541e-07 3.01115e-07 5.43877e-07 7.84252e-07 9.01895e-07 8.2701e-07 6.04706e-07 3.52693e-07 1.64249e-07 6.12687e-08 1.8498e-08 4.67604e-09 1.09269e-09 2.85968e-10 9.38633e-11 3.41853e-11 1.20417e-11 3.9824e-12 1.28749e-12 4.30798e-13 1.51502e-13 5.37064e-14 1.81339e-14 5.61033e-15 1.55993e-15 3.86596e-16 8.51271e-17 1.66364e-17 2.88492e-18 4.44038e-19 6.07197e-20 7.39392e-21 8.06174e-22 7.9711e-23 7.34954e-24 6.66279e-25 6.32745e-26 6.9749e-27 6.76579e-28 8.3992e-29 9.47458e-30 9.71098e-31 9.09323e-32 7.85392e-33 4.75433e-36 6.89352e-37 9.22782e-38 1.14331e-38 1.28568e-39 1.34023e-40 2.68045e-41 8.46225e-45 1.86971e-45 4.37967e-46 1.06496e-46 2.59774e-47 5.96375e-48 1.38427e-48 3.04715e-49
 1.73796e-19 1.00115e-13 3.53073e-09 7.89755e-06 0.0012066 0.0147113 0.0176626 0.00214383 0.000132203 0.00107213 0.00496213 0.0110412 0.0118574 0.0062251 0.00190827 0.00117707 0.00179646 0.00223846 0.00201525 0.0015253 0.00164667 0.00321799 0.00698765 0.0134894 0.0223657 0.0317044 0.0383825 0.0396668 0.0349881 0.0263393 0.0169249 0.00928589 0.00435325 0.00174677 0.000602326 0.000180179 4.77935e-05 1.17786e-05 2.91914e-06 7.87791e-07 2.34411e-07 7.30864e-08 2.28542e-08 7.10966e-09 2.22212e-09 6.99218e-10 2.1794e-10 6.55433e-11 1.85668e-11 4.87277e-12 1.17344e-12 2.57979e-13 5.16493e-14 9.40616e-15 1.5576e-15 2.34547e-16 3.21309e-17 4.00947e-18 4.56826e-19 4.77442e-20 4.64233e-21 4.30177e-22 9.54743e-24 1.38429e-24 1.85295e-25 2.29557e-26 2.58093e-27 2.68925e-28 5.37794e-29 4.96066e-33 7.33878e-34 1.01138e-34 1.34265e-35 1.79041e-36 1.24164e-40 2.37766e-41 4.62507e-42
 1.13852e-18 6.55848e-13 2.31296e-08 5.17365e-05 0.00790434 0.0963731 0.115706 0.0140249 0.000475572 0.00324584 0.0150228 0.0334311 0.0359361 0.0190544 0.00655319 0.00556589 0.00901896 0.0111929 0.00973523 0.00603746 0.00291568 0.00146156 0.00105253 0.000924844 0.00083112 0.000855927 0.00113196 0.00169971 0.00247719 0.00327946 0.00387254 0.00406168 0.00378019 0.00312108 0.00228585 0.00148508 0.000855949 0.00043776 0.000198747 8.01688e-05 2.87773e-05 9.22151e-06 2.65415e-06 6.94328e-07 1.68735e-07 3.94922e-08 9.33551e-09 2.32119e-09 6.13497e-10 1.69361e-10 4.77375e-11 1.35392e-11 3.82666e-12 1.06585e-12 2.88434e-13 7.4724e-14 1.83021e-14 4.19988e-15 8.97562e-16 1.77993e-16 3.26849e-17 5.55132e-18 8.70917e-19 1.26432e-19 1.69594e-20 2.10859e-21 2.38595e-22 2.51408e-23 5.00765e-24 1.80978e-26 2.67733e-27 3.68959e-28 4.89789e-29 6.53084e-30 1.97071e-34 3.26709e-35 5.07873e-36
 1.9746e-19 1.13748e-13 4.01153e-09 8.97301e-06 0.0013709 0.0167147 0.0200676 0.00242958 2.42934e-05 1.69016e-08 7.52172e-13 1.83178e-80 1.96444e-80 1.01582e-80 2.52675e-81 3.00983e-82 1.70764e-83 4.58892e-85 5.81083e-87 3.45151e-89 9.57999e-92 1.22246e-94 3.98726e-171 5.50664e-172 5.26557e-173 3.48409e-174 1.5942e-175 5.04102e-177 1.10087e-178 1.65934e-180 1.72488e-182 1.4999e-184 5.92879e-323 4.94066e-324 0 0 0 0 0 0 0 0 0 0 0 0 0 0 0 0 0 0 0 0 0 0 0 0 0 0 0 0 0 0 0 0 0 0 0 0 0 0 0 0 0 0 0
 6.38008e-23 3.6523e-17 1.28799e-12 2.88098e-09 4.4016e-07 5.36683e-06 6.46454e-06 1.69957e-06 1.87044e-05 0.000180875 0.000837126 0.00186235 0.00199722 0.00103277 0.000256891 3.06005e-05 1.73613e-06 4.66549e-08 5.90779e-10 3.5091e-12 9.73984e-15 1.24286e-17 1.46982e-83 2.02991e-84 1.94105e-85 1.28434e-86 5.87668e-88 1.85827e-89 4.05814e-91 6.11681e-93 6.35843e-95 5.52907e-97 1.09812e-175 1.04088e-176 7.85875e-178 4.72538e-179 2.26246e-180 8.62435e-182 2.61382e-183 6.62774e-185 0 0 0 0 0 0 0 0 0 0 0 0 0 0 0 0 0 0 0 0 0 0 0 0 0 0 0 0 0 0 0 0 0 0 0 0 0
 8.34702e-24 4.80828e-18 1.69573e-13 3.79301e-10 5.79499e-08 7.0655e-07 8.48286e-07 1.02732e-07 1.6612e-09 6.21051e-09 3.01887e-08 8.53633e-08 2.4329e-07 9.80463e-07 3.52844e-06 9.0842e-06 1.62592e-05 2.01932e-05 1.74022e-05 1.04055e-05 4.31604e-06 1.2414e-06 2.47479e-07 3.41783e-08 3.2682e-09 2.16248e-10 9.89475e-12 3.12882e-13 6.83281e-15 1.02991e-16 1.07059e-18 9.30946e-21 1.51428e-88 1.43535e-89 1.0837e-90 6.51617e-92 3.11987e-93 1.18928e-94 3.60439e-96 9.13949e-98 3.69259e-179 4.13437e-180 3.94864e-181 3.21679e-182 2.23512e-183 1.32472e-184 6.70904e-186 2.84818e-187 0 0 0 0 0 0 0 0 0 0 0 0 0 0 0 0 0 0 0 0 0 0 0 0 0 0 0 0 0
 9.68509e-23 5.5791e-17 1.96757e-12 4.40106e-09 6.72398e-07 8.19817e-06 9.84277e-06 1.19354e-06 5.02024e-08 3.70406e-07 1.71431e-06 3.81416e-06 4.09359e-06 2.13744e-06 6.33546e-07 4.91997e-07 1.5282e-06 4.82789e-06 1.30932e-05 2.92463e-05 5.26852e-05 7.59202e-05 8.72914e-05 8.00294e-05 5.84952e-05 3.40848e-05 1.58323e-05 5.86182e-06 1.72979e-06 4.06812e-07 7.62432e-08 1.13861e-08 1.35477e-09 1.28415e-10 9.69545e-12 5.82976e-13 2.79123e-14 1.064e-15 3.2247e-17 8.17674e-19 3.03671e-89 3.40002e-90 3.24728e-91 2.64542e-92 1.83812e-93 1.08942e-94 5.51738e-96 2.34229e-97 3.73934e-180 4.51916e-181 4.84304e-182 4.6023e-183 3.87787e-184 2.89618e-185 1.88064e-186 1.25376e-187 0 0 0 0 0 0 0 0 0 0 0 0 0 0 0 0 0 0 0 0 0
 3.81072e-22 2.19516e-16 7.74163e-12 1.73165e-08 2.64563e-06 3.22567e-05 3.87276e-05 4.69732e-06 2.22227e-07 1.69638e-06 7.85161e-06 1.74745e-05 1.87995e-05 1.00558e-05 3.7876e-06 3.84659e-06 6.40299e-06 8.0063e-06 7.20838e-06 5.41741e-06 5.66302e-06 1.07136e-05 2.29196e-05 4.3939e-05 7.26051e-05 0.000102758 0.000124312 0.000128423 0.000113244 8.52184e-05 5.47219e-05 2.99832e-05 1.40174e-05 5.59139e-06 1.90295e-06 5.52568e-07 1.36896e-07 2.8936e-08 5.21815e-09 8.02809e-10 1.05368e-10 1.17974e-11 1.12675e-12 9.17912e-14 6.37794e-15 3.78009e-16 1.91443e-17 8.12729e-19 1.18646e-90 1.43389e-91 1.53666e-92 1.46027e-93 1.23042e-94 9.18934e-96 5.9671e-97 3.97807e-98 7.62136e-182 9.46014e-183 1.06687e-183 1.09296e-184 1.02245e-185 8.81423e-187 0 0 0 0 0 0 0 0 0 0 0 0 0 0 0
 9.09346e-22 5.23827e-16 1.84737e-11 4.1322e-08 6.31321e-06 7.69734e-05 9.2415e-05 1.12159e-05 6.67493e-07 5.37534e-06 2.48799e-05 5.53763e-05 5.9605e-05 3.20512e-05 1.26997e-05 1.40002e-05 2.3577e-05 2.95776e-05 2.65827e-05 1.85321e-05 1.27386e-05 1.14533e-05 1.22594e-05 1.31966e-05 1.52324e-05 2.1366e-05 3.45041e-05 5.55785e-05 8.23772e-05 0.000109386 0.000129199 0.000135485 0.000126069 0.000104063 7.61916e-05 4.94771e-05 2.84949e-05 1.4554e-05 6.59242e-06 2.64819e-06 9.43404e-07 2.98051e-07 8.35085e-08 2.07499e-08 4.57242e-09 8.93544e-10 1.54853e-10 2.37987e-11 3.24344e-12 3.91984e-13 4.20078e-14 3.99196e-15 3.3636e-16 2.5121e-17 1.63123e-18 1.08749e-19 1.89946e-92 2.35774e-93 2.65896e-94 2.72398e-95 2.54824e-96 2.19676e-97 3.31513e-182 4.80647e-183 6.43339e-184 7.96942e-185 8.95859e-186 9.33187e-187 1.86637e-187 0 0 0 0 0 0 0 0
 1.24662e-21 7.18109e-16 2.53254e-11 5.66479e-08 8.65471e-06 0.000105522 0.000126691 1.53972e-05 1.35151e-06 1.15915e-05 5.36531e-05 0.000119436 0.000128708 7.00612e-05 3.09099e-05 3.93057e-05 6.72629e-05 8.45815e-05 7.64848e-05 5.43879e-05 3.90622e-05 3.63122e-05 3.79077e-05 3.60612e-05 3.01171e-05 2.3756e-05 2.01568e-05 2.02685e-05 2.41235e-05 3.22531e-05 4.54529e-05 6.3474e-05 8.4023e-05 0.000102907 0.000115336 0.000117773 0.000109385 9.23496e-05 7.08554e-05 4.94002e-05 3.12951e-05 1.80135e-05 9.42076e-06 4.47646e-06 1.9326e-06 7.58072e-07 2.70173e-07 8.74856e-08 2.57393e-08 6.88057e-09 1.67116e-09 3.68787e-10 7.39427e-11 1.34702e-11 2.22951e-12 3.35269e-13 4.5806e-14 5.68574e-15 6.41214e-16 6.56895e-17 6.14514e-18 5.29754e-19 7.27786e-93 1.05519e-93 1.41235e-94 1.74956e-95 1.96672e-96 2.04867e-97 4.09734e-98 9.46075e-184 1.39957e-184 1.92868e-185 2.56019e-186 3.41359e-187 0 0 0
 2.56813e-21 1.47936e-15 5.21724e-11 1.16699e-07 1.78294e-05 0.000217384 0.000260993 3.16742e-05 1.86286e-06 1.4966e-05 6.92767e-05 0.00015427 0.000166702 9.32949e-05 5.04907e-05 7.81421e-05 0.000136296 0.000172237 0.000158001 0.000117525 9.2741e-05 9.36446e-05 0.000100851 9.70285e-05 8.17195e-05 6.43169e-05 5.17734e-05 4.419e-05 3.85895e-05 3.34748e-05 2.9708e-05 2.89526e-05 3.23068e-05 3.99515e-05 5.12265e-05 6.46229e-05 7.77993e-05 8.79523e-05 9.25895e-05 9.03779e-05 8.16261e-05 6.81423e-05 5.25556e-05 3.74403e-05 2.46338e-05 1.49683e-05 8.39932e-06 4.35256e-06 2.08291e-06 9.20491e-07 3.75659e-07 1.41578e-07 4.92749e-08 1.58375e-08 4.70085e-09 1.28854e-09 3.26175e-10 7.62488e-11 1.64605e-11 3.28156e-12 6.04146e-13 1.02712e-13 1.61259e-14 2.33802e-15 3.12941e-16 3.87658e-17 4.35775e-18 4.53932e-19 9.07865e-20 1.90712e-94 2.82128e-95 3.88787e-96 5.16089e-97 6.88118e-98 5.34787e-184 8.86576e-185 1.37817e-185
 2.02065e-21 1.16397e-15 4.10494e-11 9.18193e-08 1.40282e-05 0.000171038 0.000205352 2.5012e-05 3.30939e-06 2.96117e-05 0.000137063 0.00030511 0.000328762 0.00017877 7.82067e-05 9.86157e-05 0.000169398 0.000216087 0.000204678 0.0001669 0.000154395 0.00017467 0.000196205 0.000193461 0.000168903 0.000140635 0.000120666 0.000107713 9.52831e-05 8.0515e-05 6.5218e-05 5.2212e-05 4.27629e-05 3.67395e-05 3.37908e-05 3.38939e-05 3.70893e-05 4.30107e-05 5.06605e-05 5.85046e-05 6.47898e-05 6.79695e-05 6.7113e-05 6.21578e-05 5.3898e-05 4.37117e-05 3.31383e-05 2.34768e-05 1.55399e-05 9.60989e-06 5.55175e-06 2.9962e-06 1.51056e-06 7.1142e-07 3.12995e-07 1.28639e-07 4.93891e-08 1.7714e-08 5.93509e-09 1.85766e-09 5.43166e-10 1.48363e-10 3.78571e-11 9.02389e-12 2.00939e-12 4.17983e-13 8.12222e-14 1.47438e-14 2.50009e-15 3.96057e-16 5.85904e-17 8.07404e-18 1.07177e-18 1.42903e-19 1.01013e-94 1.6746e-95 2.60315e-96
 2.5934e-21 1.49391e-15 5.26855e-11 1.17847e-07 1.80048e-05 0.000219522 0.000263561 3.20239e-05 2.65764e-06 2.26256e-05 0.000104743 0.000233379 0.000253257 0.000147732 0.00010126 0.000182594 0.000322068 0.000406944 0.000372751 0.000276221 0.000217191 0.000221131 0.000244911 0.00024964 0.000233717 0.000215341 0.000204759 0.000196874 0.000182806 0.00016074 0.000135498 0.000112222 9.27036e-05 7.62965e-05 6.22183e-05 5.05339e-05 4.17504e-05 3.61858e-05 3.37532e-05 3.4044e-05 3.64194e-05 4.00299e-05 4.38525e-05 4.68195e-05 4.8026e-05 4.69334e-05 4.34875e-05 3.8102e-05 3.15186e-05 2.45945e-05 1.80941e-05 1.25466e-05 8.19837e-06 5.04766e-06 2.9281e-06 1.60029e-06 8.2399e-07 3.99714e-07 1.82675e-07 7.86523e-08 3.19041e-08 1.21923e-08 4.38965e-09 1.48894e-09 4.75807e-10 1.43248e-10 4.06304e-11 1.08572e-11 2.7333e-12 6.48277e-13 1.44855e-13 3.04935e-14 6.04755e-15 1.12994e-15 1.98892e-16 3.29725e-17 5.12554e-18
 4.47405e-21 2.57727e-15 9.08918e-11 2.03307e-07 3.10614e-05 0.000378714 0.000454688 5.51927e-05 3.48471e-06 2.83882e-05 0.000131406 0.000292604 0.000316012 0.000175911 9.18999e-05 0.000138609 0.000243219 0.00031507 0.000312222 0.000284806 0.000305793 0.000374816 0.0004298 0.000424985 0.000371212 0.000310849 0.000272111 0.000253236 0.000239498 0.000222289 0.000201992 0.000181272 0.000160711 0.000139597 0.000118018 9.72442e-05 7.87232e-05 6.32608e-05 5.09987e-05 4.17819e-05 3.54021e-05 3.16039e-05 3.0001e-05 3.00381e-05 3.10272e-05 3.22322e-05 3.29753e-05 3.27429e-05 3.12654e-05 2.85494e-05 2.4846e-05 2.05672e-05 1.61744e-05 1.20754e-05 8.55453e-06 5.74895e-06 3.66439e-06 2.21506e-06 1.26973e-06 6.90176e-07 3.55728e-07 1.73852e-07 8.05645e-08 3.54002e-08 1.47491e-08 5.82672e-09 2.18263e-09 7.75239e-10 2.61089e-10 8.33757e-11 2.52458e-11 7.24829e-12 1.97324e-12 5.09353e-13 1.24668e-13 2.89323e-14 6.36657e-15
 5.13252e-21 2.95655e-15 1.04268e-10 2.33227e-07 3.56327e-05 0.000434449 0.000521605 6.33942e-05 5.60244e-06 4.80923e-05 0.000222605 0.000495554 0.000534164 0.000291551 0.000131527 0.000171799 0.000295925 0.000376711 0.00035451 0.000284534 0.000258749 0.000295367 0.000346806 0.000373894 0.000379137 0.000383638 0.000393412 0.000394576 0.000373598 0.000332711 0.000285669 0.000244543 0.000212798 0.000187689 0.000165551 0.0001445 0.000124216 0.000104959 8.71008e-05 7.10667e-05 5.72812e-05 4.60355e-05 3.73932e-05 3.11948e-05 2.71187e-05 2.47392e-05 2.35669e-05 2.30871e-05 2.28092e-05 2.23241e-05 2.1354e-05 1.97793e-05 1.76355e-05 1.50794e-05 1.23367e-05 9.64279e-06 7.19448e-06 5.12078e-06 3.47576e-06 2.24924e-06 1.38747e-06 8.15769e-07 4.57129e-07 2.44128e-07 1.24248e-07 6.02631e-08 2.78544e-08 1.22691e-08 5.15006e-09 2.06009e-09 7.85302e-10 2.85274e-10 9.87555e-11 3.25788e-11 1.0242e-11 3.06836e-12 8.75994e-13
 5.25566e-21 3.02748e-15 1.0677e-10 2.38823e-07 3.64875e-05 0.000444872 0.00053412 6.4941e-05 6.26414e-06 5.4348e-05 0.000251575 0.000560219 0.000605316 0.000338505 0.00018227 0.00028098 0.000490014 0.000619568 0.00056946 0.000426373 0.000341853 0.000352857 0.000391263 0.000396912 0.000369678 0.000342142 0.000334746 0.000342048 0.000349042 0.000347757 0.000338239 0.000321793 0.000298095 0.000267404 0.000232596 0.000198092 0.000167331 0.00014146 0.000119864 0.000101399 8.52303e-05 7.10111e-05 5.87061e-05 4.8369e-05 3.99979e-05 3.34696e-05 2.85308e-05 2.48302e-05 2.19775e-05 1.96079e-05 1.74346e-05 1.52788e-05 1.30737e-05 1.08447e-05 8.67551e-06 6.66882e-06 4.91352e-06 3.46401e-06 2.33399e-06 1.50175e-06 9.22208e-07 5.40286e-07 3.01896e-07 1.60858e-07 8.17175e-08 3.95756e-08 1.82703e-08 8.03975e-09 3.37208e-09 1.34801e-09 5.13595e-10 1.86494e-10 6.45389e-11 2.12854e-11 6.69019e-12 2.00396e-12 5.7204e-13
 9.24479e-21 5.32544e-15 1.87811e-10 4.20097e-07 6.41827e-05 0.000782543 0.000939529 0.000114027 6.81687e-06 5.49479e-05 0.000254355 0.000566464 0.000612523 0.000345104 0.000195007 0.000312131 0.000547472 0.000698192 0.000659374 0.000533364 0.000487387 0.00054737 0.000613948 0.000606246 0.000532044 0.000448916 0.00039581 0.000369929 0.000351227 0.000329432 0.000307274 0.00028971 0.000276815 0.000264907 0.000250448 0.000231977 0.000209804 0.000185187 0.000159815 0.000135423 0.000113372 9.43536e-05 7.84037e-05 6.51616e-05 5.41621e-05 4.50042e-05 3.73841e-05 3.10582e-05 2.58045e-05 2.14104e-05 1.76825e-05 1.4465e-05 1.16519e-05 9.18648e-06 7.04953e-06 5.24038e-06 3.75912e-06 2.59434e-06 1.71865e-06 1.09098e-06 6.62759e-07 3.84929e-07 2.13589e-07 1.13164e-07 5.7226e-08 2.76117e-08 1.27087e-08 5.57872e-09 2.33522e-09 9.32025e-10 3.54643e-10 1.28642e-10 4.44812e-11 1.46604e-11 4.60547e-12 1.37893e-12 3.93494e-13
 7.4865e-21 4.31252e-15 1.52089e-10 3.40192e-07 5.19748e-05 0.0006337 0.000760832 9.2598e-05 1.08019e-05 9.55927e-05 0.000442468 0.000984956 0.00106131 0.000577085 0.000252394 0.000318223 0.000546914 0.000698814 0.00066545 0.000550749 0.000522247 0.000603675 0.00069237 0.00070641 0.000655194 0.000595688 0.000559935 0.000535437 0.000497809 0.000441721 0.000380278 0.000327539 0.000287984 0.000258607 0.000235181 0.000215302 0.000197841 0.000181754 0.000165887 0.000149437 0.000132284 0.000114903 9.80579e-05 8.24785e-05 6.86603e-05 5.67949e-05 4.68105e-05 3.84718e-05 3.14889e-05 2.55958e-05 2.05858e-05 1.63155e-05 1.26914e-05 9.65168e-06 7.14987e-06 5.14207e-06 3.57945e-06 2.40539e-06 1.55691e-06 9.68756e-07 5.78566e-07 3.31217e-07 1.81565e-07 9.52221e-08 4.77448e-08 2.28745e-08 1.04668e-08 4.57242e-09 1.9064e-09 7.58406e-10 2.87817e-10 1.04179e-10 3.59604e-11 1.18357e-11 3.71402e-12 1.11105e-12 3.16833e-13
 1.06896e-20 6.15768e-15 2.17161e-10 4.85747e-07 7.42129e-05 0.000904836 0.00108636 0.000131913 9.23978e-06 7.66699e-05 0.000354923 0.000790626 0.000856502 0.000491448 0.000308982 0.000530396 0.000932158 0.0011771 0.00107645 0.000793753 0.000618172 0.000624997 0.000691892 0.000708048 0.000668773 0.000625731 0.000608209 0.000601913 0.000581079 0.000538592 0.000484944 0.000431486 0.000381535 0.000333667 0.000287615 0.000245615 0.000210118 0.000181808 0.000159602 0.000141725 0.000126572 0.000113005 0.000100319 8.8165e-05 7.64783e-05 6.539e-05 5.51106e-05 4.58237e-05 3.76244e-05 3.05116e-05 2.44148e-05 1.92336e-05 1.48695e-05 1.12391e-05 8.2742e-06 5.91221e-06 4.08763e-06 2.72755e-06 1.75281e-06 1.08296e-06 6.42377e-07 3.65402e-07 1.99131e-07 1.03883e-07 5.1844e-08 2.47372e-08 1.12793e-08 4.91267e-09 2.04311e-09 8.11092e-10 3.0728e-10 1.11066e-10 3.82936e-11 1.2592e-11 3.94838e-12 1.18046e-12 3.36469e-13
 1.66278e-20 9.57839e-15 3.37799e-10 7.5559e-07 0.00011544 0.00140749 0.00168985 0.000205139 1.3264e-05 0.000108533 0.000502373 0.00111844 0.00120628 0.000662302 0.000313091 0.000430323 0.000747258 0.000960969 0.000932433 0.000808888 0.000815987 0.000968369 0.00109921 0.00108084 0.000936565 0.000774965 0.000670168 0.00061963 0.000586626 0.000548902 0.000506589 0.000465636 0.000426655 0.000386594 0.000344022 0.000300531 0.000258759 0.000220569 0.000186802 0.000157767 0.000133514 0.000113768 9.788e-05 8.49645e-05 7.41317e-05 6.46656e-05 5.60892e-05 4.8145e-05 4.07395e-05 3.38811e-05 2.7626e-05 2.20383e-05 1.71658e-05 1.30277e-05 9.61244e-06 6.87974e-06 4.76522e-06 3.18715e-06 2.05418e-06 1.2735e-06 7.582e-07 4.32926e-07 2.36808e-07 1.23974e-07 6.20708e-08 2.97026e-08 1.35779e-08 5.92677e-09 2.46947e-09 9.81889e-10 3.72471e-10 1.34774e-10 4.65082e-11 1.5304e-11 4.8015e-12 1.43617e-12 4.095e-13
 1.30014e-20 7.48931e-15 2.64124e-10 5.90793e-07 9.02619e-05 0.00110051 0.0013213 0.000160818 1.89156e-05 0.000167525 0.000775427 0.00172623 0.00186082 0.00101616 0.000460228 0.000603417 0.00103791 0.00131395 0.00121456 0.000925511 0.000768675 0.000820142 0.000931861 0.000974584 0.000947508 0.000913667 0.000901233 0.000882596 0.000823485 0.000724413 0.000614192 0.00051981 0.000449493 0.00039718 0.000354182 0.000315409 0.000279118 0.000244863 0.000212518 0.000182269 0.000154596 0.000130034 0.000108899 9.1196e-05 7.66515e-05 6.48055e-05 5.51042e-05 4.69912e-05 3.9988e-05 3.37472e-05 2.80669e-05 2.28722e-05 1.81752e-05 1.40281e-05 1.04836e-05 7.56735e-06 5.26549e-06 3.52618e-06 2.26974e-06 1.40275e-06 8.31591e-07 4.72519e-07 2.57158e-07 1.33961e-07 6.67588e-08 3.18108e-08 1.4487e-08 6.30291e-09 2.61884e-09 1.03882e-09 3.93292e-10 1.42076e-10 4.89631e-11 1.60945e-11 5.04514e-12 1.508e-12 4.29748e-13
 1.4584e-20 8.40103e-15 2.96277e-10 6.62714e-07 0.00010125 0.00123448 0.00148214 0.000180101 1.52395e-05 0.00013008 0.000602173 0.0013414 0.00145318 0.000833873 0.000524498 0.000900714 0.00158366 0.00200227 0.00183831 0.00137128 0.0010898 0.00111174 0.00121445 0.00120006 0.00106574 0.000919003 0.000833759 0.000801896 0.000780628 0.000745229 0.000695959 0.000639119 0.000575992 0.000506254 0.000433564 0.000364899 0.000305991 0.000258491 0.000220653 0.000189607 0.00016303 0.000139593 0.00011872 0.000100226 8.40599e-05 7.01672e-05 5.84132e-05 4.8567e-05 4.03289e-05 3.33811e-05 2.74391e-05 2.22864e-05 1.77863e-05 1.38718e-05 1.0521e-05 7.72784e-06 5.47873e-06 3.73915e-06 2.45155e-06 1.54167e-06 9.2871e-07 5.35411e-07 2.95175e-07 1.55521e-07 7.82718e-08 3.76142e-08 1.72538e-08 7.55245e-09 3.15399e-09 1.25638e-09 4.77305e-10 1.72914e-10 5.97272e-11 1.96689e-11 6.17473e-12 1.84781e-12 5.27073e-13
 1.89905e-20 1.09394e-14 3.85797e-10 8.62952e-07 0.000131843 0.00160748 0.00192996 0.000234394 1.73221e-05 0.000144982 0.000671109 0.00149436 0.00161385 0.000898016 0.000467809 0.000703287 0.00123072 0.00158253 0.00153387 0.00132716 0.00133462 0.00158236 0.00179833 0.00177342 0.00154352 0.00128145 0.00110257 0.0009988 0.000911277 0.000810774 0.000707995 0.000621638 0.000556153 0.000503656 0.000454979 0.000405665 0.000355427 0.000305796 0.000258753 0.000216197 0.000179474 0.000148994 0.000124235 0.000104136 8.75654e-05 7.36167e-05 6.1679e-05 5.13686e-05 4.24372e-05 3.47048e-05 2.8028e-05 2.22897e-05 1.73971e-05 1.32783e-05 9.87431e-06 7.12945e-06 4.98207e-06 3.36018e-06 2.18219e-06 1.36191e-06 8.15519e-07 4.67943e-07 2.57024e-07 1.35025e-07 6.77993e-08 3.25218e-08 1.48962e-08 6.51286e-09 2.71731e-09 1.08162e-09 4.1067e-10 1.48703e-10 5.13449e-11 1.69034e-11 5.30527e-12 1.58732e-12 4.52704e-13
 2.64694e-20 1.52476e-14 5.37734e-10 1.20281e-06 0.000183766 0.00224055 0.00269003 0.000326631 2.26559e-05 0.000187682 0.00086874 0.00193417 0.00208669 0.00114916 0.000555701 0.000780148 0.0013524 0.00172003 0.00161265 0.00128013 0.00114062 0.00127645 0.0014691 0.0015366 0.00148869 0.00142932 0.00140544 0.00137453 0.0012816 0.00112484 0.000946655 0.000787926 0.000662375 0.000563507 0.000481732 0.000412476 0.000354481 0.000306251 0.000265201 0.000228802 0.000195585 0.000165211 0.000137961 0.000114207 9.40883e-05 7.74249e-05 6.37735e-05 5.25632e-05 4.3235e-05 3.53359e-05 2.85525e-05 2.26968e-05 1.76692e-05 1.34179e-05 9.90574e-06 7.0883e-06 4.90399e-06 3.27313e-06 2.10364e-06 1.29983e-06 7.71114e-07 4.38708e-07 2.39131e-07 1.24781e-07 6.22884e-08 2.97277e-08 1.35579e-08 5.90626e-09 2.45676e-09 9.75454e-10 3.69595e-10 1.33604e-10 4.60684e-11 1.51496e-11 4.75064e-12 1.42038e-12 4.04868e-13
# ilinf 
76.464
# ik 
0.09
# it0 
0
# icvl 
0.09
# ireck 
7.11111
# iRo 
2000
# iwt 
 1 1 1 1 1 1 1 1 1 1 1 1 1 1 1 1 1 1 1 1 1 1 1 1 1 1 1 1 1 1 1 1 1 1 1 1 1
# cv_it 
0.1
# sigR 
0.2
# sigVul 
0.2
# phz_reck 
-2
# phz_growth  
-4
# use_prior  
1
# dend 
999
