1234
0.009950166 0.043827127 0.076544905 0.108143165 0.138660214 0.168133048 0.196597397 0.224087769 0.250637491 0.276278750
0.301042631 0.324959156 0.348057319 0.370365122 0.391909609 0.412716899 0.432812218 0.452219926 0.470963552 0.470963552
0.452219926 0.432812218 0.412716899 0.391909609 0.370365122 0.348057319 0.324959156 0.301042631 0.276278750 0.250637491
0.224087769 0.196597397 0.168133048 0.138660214 0.108143165 0.076544905 0.043827127 0.009950166
## written: Tue Apr  7 15:44:17 2015 
## seed
3 
## Ft
0.009950166 0.04382713 0.0765449 0.1081432 0.1386602 0.168133 0.1965974 0.2240878 0.2506375 0.2762788 0.3010426 0.3249592 0.3480573 0.3703651 0.3919096 0.4127169 0.4328122 0.4522199 0.4709636 0.4709636 0.4522199 0.4328122 0.4127169 0.3919096 0.3703651 0.3480573 0.3249592 0.3010426 0.2762788 0.2506375 0.2240878 0.1965974 0.168133 0.1386602 0.1081432 0.0765449 0.04382713 0.009950166 
## written: Tue Apr  7 15:47:02 2015 
## seed
3 
## Ft
0.009950166 0.04382713 0.0765449 0.1081432 0.1386602 0.168133 0.1965974 0.2240878 0.2506375 0.2762788 0.3010426 0.3249592 0.3480573 0.3703651 0.3919096 0.4127169 0.4328122 0.4522199 0.4709636 0.4709636 0.4522199 0.4328122 0.4127169 0.3919096 0.3703651 0.3480573 0.3249592 0.3010426 0.2762788 0.2506375 0.2240878 0.1965974 0.168133 0.1386602 0.1081432 0.0765449 0.04382713 0.009950166 
