#Scenario number
4
#syr
1
#eyr
50
#rep_yr
21
#sage
1
#nage
10
#nlen
15
#slen
#1
#lstp
1
#niyr
30
#proc_err
1
#obs_err
1
#sigR
0.2
#sigVul
1
#low
#10
#tau
0.2
#tau_length
0.1
#surv
0.7
#wmat;
1.25
#Growth parameters
#nLinfchange
#1
#Linf;
10
#k
0.3
#to
-0.1
#cvl
0.08
#alw
0.08
#blw
3
#reck
10
#Ro
100.0
#q
1
#Selectivity parameters
#nselchange
#3
15
#Selectivity control - 3 param selectivity curve from Thompson 1994
# year | b | a | g
#30     4.0  0.9  0.001
#40		4.0  0.9  0.001
#50     4.0	 0.9  0.001
22      6.0  0.9  0.001
24      5.0  0.9  0.001
26      4.0  0.9  0.001
28		3.0  0.9  0.001
30      3.0	 0.9  0.05
32      3.0  0.9  0.1
34      4.0  0.9  0.1
36      5.0  0.9  0.1
38		6.0  0.9  0.1
40      6.0	 0.9  0.05
42      6.0  0.9  0.001
44      5.0  0.9  0.001
46      4.0  0.9  0.001
48		3.0	 0.9  0.001
50      3.0	 0.9  0.1
##Ulenmu
4
#Ulensd
0.1
#vul
0	0	0.1	0.5	0.9	1	1	1	1	1
#ut
#optional trajectories
#low u contrast 
 0.1 0.1 0.1 0.1 0.1 0.1 0.1 0.1 0.1 0.1 
 0.1 0.1 0.1 0.1 0.1 0.1 0.1 0.1 0.1 0.1 
 0.1 0.1 0.1 0.2 0.2 0.2 0.2 0.2 0.3 0.3 
 0.3 0.3 0.3 0.3 0.15 0.15 0.15 0.15 0.15 0.15 
 0.15 0.15 0.15 0.15 0.15 0.15 0.15 0.15 0.15 0.15  
#one way trip
# 0.1 0.1 0.1 0.1 0.1 0.1 0.1 0.1 0.1 0.1 
# 0.1 0.1 0.1 0.1 0.1 0.1 0.1 0.1 0.1 0.1 
# 0.1 0.1 0.1 0.1 0.1 0.1 0.1 0.1 0.1 0.1
# 0.2 0.2 0.2 0.2 0.2 0.2 0.2 0.2 0.2 0.2 
# 0.3 0.3 0.3 0.3 0.3 0.3 0.3 0.3 0.3 0.3 
#Uramp 
# 0.1 0.1 0.1 0.1 0.1 0.1 0.1 0.1 0.1 0.1 
# 0.1 0.1 0.1 0.1 0.1 0.1 0.1 0.1 0.1 0.1 
# 0.1 0.1 0.1 0.1 0.1 0.1 0.1 0.1 0.1 0.1
# 0.12 0.12 0.12 0.12 0.13 0.13 0.13 0.13 0.14 0.14 
# 0.15 0.15 0.15 0.15 0.15 0.15 0.15 0.15 0.15 0.15
##iyr
21 22 23 24 25 26 27 28 29 30 
31 32 33 34 35 36 37 38 39 40 
41 42 43 44 45 46 47 48 49 50
#dend		
999
#contrast
# 0.1 0.1 0.1 0.1 0.1 0.1 0.1 0.1 0.1 0.1 
# 0.1 0.1 0.1 0.1 0.2 0.2 0.2 0.2 0.2 0.2 
# 0.2 0.3 0.3 0.3 0.4 0.4 0.4 0.5 0.5 0.5 
# 0.5 0.5 0.5 0.4 0.4 0.3 0.3 0.3 0.2 0.2 
# 0.2 0.2 0.1 0.1 0.1 0.1 0.1 0.1 0.1 0.1  	