#Scenario number
5
#yr
1
#eyr
50
#rep_yr
21
#sage
1
#nage
20
#nlen
#30
22
#33
#slen
#12
18
#lstp
2
#niyr
30
#proc_err
1
#obs_err
1
# SR function
#1
#sigR
0.6
#sigVul
50
#tau
0.2
#tau_length_comps
0.1
#surv
0.7
#wmat;
0.5
#Growth parameters
#Linf;
#68
50
#k
0.3
#to
-0.1
#cvl
0.08
#alw
0.00003
#blw
3
#reck
10
#Ro
100
#q
1
#Selectivity parameters
#nselchange
#3
15
#Selectivity control - 3 param selectivity curve from Thompson 1994
# year | b | a | g
#30     28.0  0.7  0.0001
#40	    28.0  0.7  0.0001
#50     28.0  0.7  0.0001
22      32.0  0.7  0.0001
24      28.0  0.7  0.0001
26      22.0  0.7  0.001
28		 18.0  0.7  0.03
30      18.0  0.7  0.05
32      22.0  0.7  0.1
34      28.0  0.7  0.1
36      32.0  0.7  0.1
38		 32.0  0.7  0.1
40      32.0  0.7  0.07
42      32.0  0.7  0.03
44      22.0  0.7  0.001
46      28.0  0.7  0.001
48		 24.0  0.7  0.001
50      20.0  0.7  0.001
##Ulenmu
4
#Ulensd
0.1
#vul
0	0.5	1	1	1 1	1	1	1	1 1	1	1 1	1	1 1	1	1 1 
#ut
#optional trajectories
#Carl excel
#0.0 0.0 0.0 0.0 0.0 0.0 0.0 0.0 0.0 0.0 
#0.0 0.0 0.0 0.0 0.0 0.0 0.0 0.0 0.0 0.0 
#0.001 0.001797757 0.003230322 0.005800021 0.010393083 0.018556623 0.032919811 0.057732905 0.09920534 0.164487747
#0.256549413 0.362002169 0.439674665 0.443553109 0.38545145 0.328202967 0.306810103 0.318178516 0.345971387 0.371595911
#0.381119385 0.372952407 0.357437146 0.346351078 0.344612035 0.35018356 0.357744249 0.362420891 0.362333135 0.358954117
##low u contrast 
# 0.01 0.01 0.01 0.01 0.01 0.01 0.01 0.01 0.01 0.01
# 0.01 0.01 0.01 0.01 0.01 0.05 0.05 0.05 0.05 0.05   
# 0.1 0.1 0.1 0.2 0.2 0.2 0.2 0.2 0.3 0.3  
# 0.3 0.3 0.3 0.3 0.3 0.2 0.2 0.2 0.15 0.15  
# 0.15 0.15 0.15 0.15 0.1 0.1 0.1 0.1 0.1 0.1  
#low u contrast 2
# 0.0 0.0 0.0 0.0 0.0 0.0 0.0 0.0 0.0 0.0
# 0.0 0.0 0.0 0.0 0.0 0.0 0.0 0.0 0.0 0.0   
# 0.1 0.1 0.2 0.2 0.3 0.3 0.3 0.4 0.4 0.5  
# 0.5 0.5 0.5 0.3 0.3 0.3 0.2 0.15 0.15 0.15  
# 0.1 0.1 0.1 0.1 0.1 0.1 0.1 0.1 0.1 0.1  
#one way trip
 0.0 0.0 0.0 0.0 0.0 0.0 0.0 0.0 0.0 0.0 
 0.0 0.0 0.0 0.0 0.0 0.0 0.0 0.0 0.0 0.0  
 0.1 0.1 0.1 0.1 0.1 0.1 0.2 0.2 0.2 0.2
 0.2 0.2 0.3 0.3 0.3 0.3 0.3 0.3 0.4 0.4 
 0.4 0.4 0.4 0.4 0.5 0.5 0.5 0.5 0.5 0.5 
#Uramp 
# 0.0 0.0 0.0 0.0 0.0 0.0 0.0 0.0 0.0 0.0 
# 0.0 0.0 0.0 0.0 0.0 0.0 0.0 0.0 0.0 0.0  
# 0.1 0.1 0.1 0.1 0.1 0.1 0.1 0.1 0.1 0.1
# 0.2 0.2 0.2 0.2 0.2 0.2 0.2 0.2 0.25 0.25 
# 0.29 0.29 0.29 0.29 0.29 0.29 0.29 0.29 0.29 0.29
##iyr
#1 2 3 4 5 6 7 8 9 10 
#11 12 13 14 15 16 17 18 19 20 
21 22 23 24 25 26 27 28 29 30 
31 32 33 34 35 36 37 38 39 40 
41 42 43 44 45 46 47 48 49 50
#canWG
#1 1 0 0 0 0 0 0 0 0 
#dend		
999
#contrast
# 0.1 0.1 0.1 0.1 0.1 0.1 0.1 0.1 0.1 0.1 
# 0.1 0.1 0.1 0.1 0.2 0.2 0.2 0.2 0.2 0.2 
# 0.2 0.3 0.3 0.3 0.4 0.4 0.4 0.5 0.5 0.5 
# 0.5 0.5 0.5 0.4 0.4 0.3 0.3 0.3 0.2 0.2 
# 0.2 0.2 0.1 0.1 0.1 0.1 0.1 0.1 0.1 0.1  	